0.05	3.43690561577285
0.06	1.93132345493526
0.07	1.39185487881558
0.08	0.954630396791427
0.09	0.800755107104178
0.10	0.675266423058735
0.11	0.602091867304785
0.12	0.54757655360753
0.13	0.493588277108309
0.14	0.441436594701183
0.15	0.389273487175219
0.16	0.364526401543317
0.17	0.335766953978027
0.18	0.314773108668248
0.19	0.290355529796445
0.20	0.269771008413164
0.21	0.239909462117216
0.22	0.240831758233222
0.23	0.248681336024468
0.24	0.219231975342086
0.25	0.204464755184587
0.26	0.189739171093548
0.27	0.182885699427339
0.28	0.18080990388974
0.29	0.188321177429343
0.30	0.147624522503908
0.31	0.167353739632414
0.32	0.149183444913932
0.33	0.142346525083696
0.34	0.152721637721349
0.35	0.135892648441328
0.36	0.134446016837877
0.37	0.122698511426356
0.38	0.1252828056725
0.39	0.121493366989768
0.40	0.111350748966755
0.41	0.10528316426355
0.42	0.106982903716041
0.43	0.110520347020918
0.44	0.106423071266275
0.45	0.0989277337210426
0.46	0.0990134972525859
0.47	0.0978232182774684
0.48	0.0903015518226377
0.49	0.0915530952006617
0.50	0.0855291804639973
0.51	0.0872029188941822
0.52	0.0843459155759263
0.53	0.0863643591851652
0.54	0.0814695958255731
0.55	0.0781846015117661
0.56	0.0830579049956731
0.57	0.0757129210499636
0.58	0.0746892781715235
0.59	0.0734176302741951
0.60	0.0743641150453256
0.61	0.0714150970789389
0.62	0.0731503920900245
0.63	0.0701792440736816
0.64	0.0681123833855238
0.65	0.0693694391576642
0.66	0.0657621712577304
0.67	0.0645968798129183
0.68	0.0636263953439588
0.69	0.0637765855251741
0.70	0.0651617162832857
0.71	0.0606032603803035
0.72	0.0654125344011876
0.73	0.0613936004405386
0.74	0.0625324922241523
0.75	0.0584214872262736
0.76	0.059722619456246
0.77	0.059342963483271
0.78	0.0617308233102609
0.79	0.0566834989960613
0.80	0.0574502312892929
0.81	0.0566777912981164
0.82	0.0550721077119996
0.83	0.0555004089773637
0.84	0.0558728608445552
0.85	0.0548669800614638
0.86	0.0531671381370303
0.87	0.0555402600255902
0.88	0.0532733605945636
0.89	0.0517763053145368
0.90	0.0511130455113254
0.91	0.0512972355285623
0.92	0.0526758689715727
0.93	0.0515244343629089
0.94	0.0517439348962658
0.95	0.0500225876999829
