0.05	12.643367621417
0.06	3.06640513863372
0.07	2.37861684631701
0.08	1.54531412897751
0.09	1.38364537569523
0.10	1.28288028979425
0.11	1.11909065697032
0.12	0.997681312502874
0.13	0.925236833572317
0.14	0.88385864225445
0.15	0.840684450273946
0.16	0.746695071180744
0.17	0.70492189184765
0.18	0.666341791796955
0.19	0.670889533489088
0.20	0.644148826768192
0.21	0.620666280678376
0.22	0.600961357808779
0.23	0.565884387905832
0.24	0.544979755802508
0.25	0.528688886672075
0.26	0.515986021812749
0.27	0.494880666476216
0.28	0.465829656029838
0.29	0.471230892540049
0.30	0.425274143318368
0.31	0.43949436055973
0.32	0.414281920038487
0.33	0.378377463400369
0.34	0.390753745981794
0.35	0.379220105545371
0.36	0.38864108386111
0.37	0.347491510173095
0.38	0.343341530338111
0.39	0.339633928077346
0.40	0.334513385643877
0.41	0.322024436414286
0.42	0.298486005563156
0.43	0.301336058527844
0.44	0.312973441249797
0.45	0.287468726319069
0.46	0.26380023756872
0.47	0.268168665011015
0.48	0.267679726356302
0.49	0.227490397332942
0.50	0.246024792515071
0.51	0.243427244719795
0.52	0.257715287668453
0.53	0.239069568886703
0.54	0.2220911562951
0.55	0.233115384158731
0.56	0.207111806454066
0.57	0.191251437699264
0.58	0.195828237998868
0.59	0.193640521322375
0.60	0.193643476410827
0.61	0.182992380080626
0.62	0.182141408769468
0.63	0.158411502068843
0.64	0.174822043407289
0.65	0.171360585382844
0.66	0.170391719103468
0.67	0.169397759794689
0.68	0.144681586532922
0.69	0.159954152774503
0.70	0.140250821811153
0.71	0.138932259001583
0.72	0.13418227240184
0.73	0.142771847881535
0.74	0.139888571985846
0.75	0.135611600728337
0.76	0.124686118043911
0.77	0.125978226333046
0.78	0.121112395277885
0.79	0.120027035197349
0.80	0.114927261647079
0.81	0.116288331702042
0.82	0.102044835865396
0.83	0.0964021585632666
0.84	0.109940586947885
0.85	0.10155845498462
0.86	0.0938049924445436
0.87	0.103941651099878
0.88	0.0963963382410411
0.89	0.0838130028065205
0.90	0.0900340691808982
0.91	0.0919485398322353
0.92	0.0862202351993933
0.93	0.0926061754291753
0.94	0.0858768416525536
0.95	0.0833500419684843
