1,1,822710,822930,822820,1.4191571865855
1,2,2049815,2049855,2049835,1.39973046060785
1,3,2305629,3249057,2777343,1.38835370542193
1,4,3553857,3601437,3577647,1.37596026197592
1,5,4727118,4784221,4755669.5,1.3579494511355
1,6,5647166,5741816,5694491,1.34379358496191
1,7,6866471,7016037,6941254,1.32526567734432
1,8,8150126,8998274,8574200,1.30146679833902
1,9,9869326,11158004,10513665,1.27389023586389
1,10,11379578,11869096,11624337,1.25843515670029
1,11,Inf,-Inf,NaN,NaN
1,12,Inf,-Inf,NaN,NaN
1,13,17021138,17160556,17090847,1.18594673190802
1,14,18188932,19667901,18928416.5,1.16291555745099
1,15,20503996,21224496,20864246,1.13937985821845
1,16,21772072,21772239,21772155.5,1.12859851557018
1,17,23611387,23611387,23611387,1.10726068617128
1,18,24143269,24982219,24562744,1.0964877567083
1,19,26259422,26393362,26326392,1.0769932169813
1,20,27101326,28074319,27587822.5,1.06342974541684
1,21,Inf,-Inf,NaN,NaN
1,22,Inf,-Inf,NaN,NaN
1,23,32738897,32738897,32738897,1.01133059462014
1,24,Inf,-Inf,NaN,NaN
1,25,34407783,34408357,34408070,0.995581237662079
1,26,36086641,36087084,36086862.5,0.980300516803935
1,27,36828800,36874545,36851672.5,0.973525062796642
1,28,38302370,38302728,38302549,0.96099169459411
1,29,Inf,-Inf,NaN,NaN
1,30,41477610,41785203,41631406.5,0.93381901719567
1,31,42620205,43246826,42933515.5,0.923790364236509
1,32,43989116,43989116,43989116,0.91590798850287
1,33,45565200,45565200,45565200,0.904551877708547
1,34,46118784,46402572,46260678,0.899698007144914
1,35,46622091,47591763,47106927,0.893921730156191
1,36,47856002,48425887,48140944.5,0.887057298778817
1,37,49393074,49393074,49393074,0.879029812129484
1,38,51036938,51845103,51441020.5,0.866572935943379
1,39,52306846,52750864,52528855,0.860295564719432
1,40,53968514,54366390,54167452,0.851284650113861
1,41,Inf,-Inf,NaN,NaN
1,42,56902631,56902631,56902631,0.83743410821005
1,43,57341049,57672661,57506855,0.834575229297691
1,44,59435591,59770920,59603255.5,0.825219620331421
1,45,60411957,61188882,60800419.5,0.820269467155227
1,46,61381912,61936456,61659184,0.816894284225785
1,47,63319072,63319072,63319072,0.810786557678912
1,48,Inf,-Inf,NaN,NaN
1,49,Inf,-Inf,NaN,NaN
1,50,65624310,65632021,65628165.5,0.803202161290879
1,51,66759099,67885450,67322274.5,0.798312713159723
1,52,68172211,68986106,68579158.5,0.795054315125656
1,53,69138050,69804466,69471258,0.792932405046757
1,54,70840701,71370844,71105772.5,0.789455646922598
1,55,72052010,72052288,72052149,0.787685715923172
1,56,73302604,74103045,73702824.5,0.785025256719552
1,57,75328281,75514985,75421633,0.782831400146716
1,58,75880996,75889079,75885037.5,0.782340566159121
1,59,78031349,78099399,78065374,0.780604875719035
1,60,Inf,-Inf,NaN,NaN
1,61,80410604,80531470,80471037,0.779787838594685
1,62,81345283,82176939,81761111,0.779824216090891
1,63,82338088,83113960,82726024,0.780067983981237
1,64,84175752,84269107,84222429.5,0.780812597925228
1,65,85294410,85294656,85294533,0.781620149038728
1,66,86578295,87055982,86817138.5,0.783160242694237
1,67,87573900,88283307,87928603.5,0.784575859022586
1,68,88539617,88688618,88614117.5,0.785571567069728
1,69,90130173,90402192,90266182.5,0.788355548843319
1,70,90759099,90759099,90759099,0.78929141887728
1,71,93002837,93279488,93141162.5,0.794495700326134
1,72,Inf,-Inf,NaN,NaN
1,73,95394906,96382717,95888811.5,0.801901515251264
1,74,96568643,97390136,96979389.5,0.805257592734802
1,75,98238089,98626202,98432145.5,0.81009595429539
1,76,99438573,100041952,99740262.5,0.814812049159996
1,77,Inf,-Inf,NaN,NaN
1,78,101773849,101892420,101833134.5,0.823065808363201
1,79,103137397,103434094,103285745.5,0.82930712876513
1,80,Inf,-Inf,NaN,NaN
1,81,105821510,106378470,106099990,0.842594001478943
1,82,107089818,107384385,107237101.5,0.848409829766563
1,83,Inf,-Inf,NaN,NaN
1,84,109195629,109573676,109384652.5,0.860095681883466
1,85,Inf,-Inf,NaN,NaN
1,86,111480027,111480027,111480027,0.872382470798023
1,87,113417379,113490141,113453760,0.884755323380407
1,88,113985264,115133685,114559474.5,0.892025670197871
1,89,116335106,116423933,116379519.5,0.904522904217504
1,90,117512844,117619160,117566002,0.913024852831683
1,91,118777869,118844803,118811336,0.922249924691244
1,92,Inf,-Inf,NaN,NaN
1,93,121039462,121113938,121076700,0.939822627780504
1,94,122452047,122452057,122452052,0.950989762322961
1,95,123031955,123837382,123434668.5,0.95919869516201
1,96,124068757,125350385,124709571,0.970135883976389
1,97,126041848,126338729,126190288.5,0.983244830376613
1,98,127288890,127288890,127288890,0.993252890444921
1,99,128632323,128776905,128704614,1.00650415729004
1,100,129499735,129714829,129607282,1.01516147301551
1,101,131245244,131245244,131245244,1.03128503321039
1,102,131318461,132174829,131746645,1.03632742145176
1,103,Inf,-Inf,NaN,NaN
1,104,134580248,134580248,134580248,1.06576437325257
1,105,Inf,-Inf,NaN,NaN
1,106,136277924,136625673,136451798.5,1.0860834553728
1,107,137061760,137391425,137226592.5,1.0946993214805
1,108,138142367,138142367,138142367,1.10503700625623
1,109,Inf,-Inf,NaN,NaN
1,110,141531241,141531241,141531241,1.14474408180114
1,111,Inf,-Inf,NaN,NaN
1,112,143347024,143359127,143353075.5,1.16703514516876
1,113,144023094,144790879,144406986.5,1.18023192444133
1,114,145633097,145633239,145633168,1.19586408748446
1,115,Inf,-Inf,NaN,NaN
1,116,147649663,147649663,147649663,1.22222248022677
1,117,Inf,-Inf,NaN,NaN
1,118,149119710,149119710,149119710,1.24194815608949
1,119,150197900,151109527,150653713.5,1.26299067233289
1,120,151608288,152342309,151975298.5,1.28149497070652
1,121,Inf,-Inf,NaN,NaN
1,122,154114158,154114285,154114221.5,1.31217998624845
1,123,154605477,155050151,154827814,1.32261978526867
1,124,155445554,155654021,155549787.5,1.33328535232348
1,125,156538750,156598900,156568825,1.3485159630496
1,126,157576744,157837373,157707058.5,1.36577247455703
2,1,904065,994302,949183.5,2.14047385546283
2,2,1221766,1900231,1560998.5,2.11389369203075
2,3,3838134,3838134,3838134,2.01707024841693
2,4,4151312,4565625,4358468.5,1.9954117401896
2,5,5037866,5468654,5253260,1.95857215988734
2,6,6047203,7321910,6684556.5,1.90070997986171
2,7,Inf,-Inf,NaN,NaN
2,8,9040388,9810493,9425440.5,1.79356706811353
2,9,Inf,-Inf,NaN,NaN
2,10,13397901,13853729,13625815,1.63870631772275
2,11,14496313,14891071,14693692,1.60113666354209
2,12,15996328,16177570,16086949,1.553217440276
2,13,16598985,17353751,16976368,1.52327706435528
2,14,Inf,-Inf,NaN,NaN
2,15,18632651,19695109,19163880,1.45179412990724
2,16,20108878,20377187,20243032.5,1.41765851319747
2,17,21214256,21214256,21214256,1.38757445337231
2,18,21904767,21904767,21904767,1.36655294984276
2,19,23089873,23544285,23317079,1.32450819667357
2,20,24039833,24519348,24279590.5,1.29658589863518
2,21,25279208,25279208,25279208,1.26821511881234
2,22,26592749,27042889,26817819,1.22579716172235
2,23,27450149,27453484,27451816.5,1.20875948756007
2,24,28283672,28759195,28521433.5,1.18059863473945
2,25,29529732,29529966,29529849,1.1547199977008
2,26,30157601,30585904,30371752.5,1.13361324740487
2,27,Inf,-Inf,NaN,NaN
2,28,31569591,31994930,31782260.5,1.09926859328903
2,29,Inf,-Inf,NaN,NaN
2,30,Inf,-Inf,NaN,NaN
2,31,35386072,36067311,35726691.5,1.00998760071336
2,32,36969965,37635484,37302724.5,0.977100114774869
2,33,38804898,39116017,38960457.5,0.944224068109831
2,34,40019181,40021343,40020262,0.924128180945198
2,35,41304807,41304807,41304807,0.900734931393389
2,36,43791860,43791860,43791860,0.858445597301264
2,37,44754820,45554413,45154616.5,0.836953246129644
2,38,46700436,47413996,47057216,0.808935958405422
2,39,48299457,48977118,48638287.5,0.787416851520103
2,40,Inf,-Inf,NaN,NaN
2,41,51940451,51940451,51940451,0.747635569275738
2,42,52344464,52549118,52446791,0.742153071024806
2,43,53474378,54078449,53776413.5,0.728537872932011
2,44,54696204,54790728,54743466,0.719346433960719
2,45,55998204,56267092,56132648,0.707190790174376
2,46,57800750,57800824,57800787,0.69422704537845
2,47,58291941,58291941,58291941,0.690749645576381
2,48,59591790,59720643,59656216.5,0.681900922371423
2,49,61341898,61487742,61414820,0.672252873042336
2,50,62864140,62864140,62864140,0.665790142084701
2,51,63581955,63834654,63708304.5,0.662645745387675
2,52,65068977,65301812,65185394.5,0.658241525153303
2,53,66885868,66886364,66886116,0.654900839557487
2,54,Inf,-Inf,NaN,NaN
2,55,69569936,69569936,69569936,0.653396515770918
2,56,69931775,69931775,69931775,0.653546529017527
2,57,71246307,71246307,71246307,0.654797035944429
2,58,72731082,73734113,73232597.5,0.658785684735361
2,59,74073652,74124850,74099251,0.661317605155685
2,60,76214807,76598319,76406563,0.670403041387475
2,61,76816294,77340874,77078584,0.673690257520229
2,62,Inf,-Inf,NaN,NaN
2,63,78942271,79888439,79415355,0.687371668393718
2,64,80369206,80887493,80628349.5,0.695852116589991
2,65,82707674,84751796,83729735,0.721818867998925
2,66,Inf,-Inf,NaN,NaN
2,67,87929309,87929725,87929517,0.766799285752773
2,68,89908273,90647572,90277922.5,0.796874502605289
2,69,91119074,91710129,91414601.5,0.812699850670777
2,70,93975656,93975656,93975656,0.85138794143101
2,71,94865154,94982172,94923663,0.866773884512667
2,72,96848559,97794765,97321662,0.908261758428198
2,73,97957193,98693612,98325402.5,0.926720690278392
2,74,100273809,100274075,100273942,0.964396381001858
2,75,Inf,-Inf,NaN,NaN
2,76,Inf,-Inf,NaN,NaN
2,77,Inf,-Inf,NaN,NaN
2,78,107005982,107596387,107301184.5,1.12046472533618
2,79,108120531,108665467,108392999,1.14755095197382
2,80,109183075,109292155,109237615,1.16902820304846
2,81,109839219,110519573,110179396,1.19351484397914
2,82,111363684,111363684,111363684,1.22511287973455
2,83,112339310,112870349,112604829.5,1.2591917187628
2,84,113349793,114090325,113720059,1.29065456144485
2,85,114186713,114186713,114186713,1.30405613952706
2,86,115913404,115916721,115915062.5,1.35490625850751
2,87,116336755,117241148,116788951.5,1.38134519087961
2,88,117287194,118563506,117925350,1.41645757823518
2,89,119231790,119630462,119431126,1.46425674246389
2,90,121027220,121027220,121027220,1.51650802785695
2,91,Inf,-Inf,NaN,NaN
2,92,122707232,122817486,122762359,1.57516180548467
2,93,123985144,124702630,124343887,1.63030236666822
2,94,125632673,125653839,125643256,1.67680382398664
2,95,Inf,-Inf,NaN,NaN
2,96,127888341,127888341,127888341,1.75969801726343
2,97,128812320,129348719,129080519.5,1.80502821669499
2,98,Inf,-Inf,NaN,NaN
2,99,130939064,131347628,131143346,1.88561278740942
2,100,131975035,131975067,131975051,1.91887420008316
2,101,Inf,-Inf,NaN,NaN
2,102,134281005,134281005,134281005,2.01341000251616
3,1,535711,1207801,871756,2.00417855571399
3,2,2119316,3029827,2574571.5,1.94756186631426
3,3,Inf,-Inf,NaN,NaN
3,4,4968828,5252343,5110585.5,1.86581672299449
3,5,5677391,5677391,5677391,1.84796766812708
3,6,6900453,8071851,7486152,1.79203771698334
3,7,8303771,8507896,8405833.5,1.76420056057116
3,8,10245891,10245891,10245891,1.70972137580139
3,9,11931348,12824913,12378130.5,1.64861991710949
3,10,13779538,14139949,13959743.5,1.60470394763101
3,11,14884969,15808470,15346719.5,1.56717844744871
3,12,16053896,16881296,16467596,1.5375256399914
3,13,Inf,-Inf,NaN,NaN
3,14,19843289,21489394,20666341.5,1.43179694184993
3,15,21866411,22624014,22245212.5,1.39422401324904
3,16,23206319,23679173,23442746,1.36652216799111
3,17,25123760,25123760,25123760,1.32879511318961
3,18,26589623,27005679,26797651,1.2925728353495
3,19,27554640,28978142,28266391,1.26189535268463
3,20,29308968,29883664,29596316,1.23500867596857
3,21,Inf,-Inf,NaN,NaN
3,22,32325766,32325766,32325766,1.18248175786276
3,23,32577350,33276539,32926944.5,1.17139190585107
3,24,33441910,33514564,33478237,1.16137445328238
3,25,35785053,36502738,36143895.5,1.1149908736406
3,26,36826828,39097420,37962124,1.08530543075315
3,27,39777226,39978795,39878010.5,1.05573891287202
3,28,40758728,41673560,41216144,1.03613126214371
3,29,42134780,43202116,42668448,1.01582122146246
3,30,44980506,44980506,44980506,0.985572159542339
3,31,46699846,46699846,46699846,0.964737719598612
3,32,Inf,-Inf,NaN,NaN
3,33,Inf,-Inf,NaN,NaN
3,34,49734521,50509843,50122182,0.927481088614337
3,35,50813514,52271047,51542280.5,0.91366835715862
3,36,52834458,53844578,53339518,0.897572152615623
3,37,54574606,56363719,55469162.5,0.880501706628601
3,38,57705925,58321608,58013766.5,0.862953619686917
3,39,58586849,59564433,59075641,0.856547883187238
3,40,60193801,60758182,60475991.5,0.848926053538746
3,41,61193516,61979669,61586592.5,0.843549130505329
3,42,63027316,63257582,63142449,0.83701007824435
3,43,63617142,64159983,63888562.5,0.834285596753573
3,44,64724037,64724058,64724047.5,0.831551232089808
3,45,65924550,66702642,66313596,0.827272142383509
3,46,67226424,67827369,67526896.5,0.824820351667343
3,47,67989590,68096832,68043211,0.823990873990435
3,48,69043389,69043519,69043454,0.822747236620501
3,49,Inf,-Inf,NaN,NaN
3,50,Inf,-Inf,NaN,NaN
3,51,72296054,73866964,73081509,0.822598987904554
3,52,74179845,74746341,74463093,0.82434149251362
3,53,Inf,-Inf,NaN,NaN
3,54,Inf,-Inf,NaN,NaN
3,55,78293597,78293597,78293597,0.833954066211797
3,56,79674161,79674161,79674161,0.839141506688745
3,57,80822575,81506020,81164297.5,0.845765138747191
3,58,82250730,82513966,82382348,0.851969360977491
3,59,83179359,83195596,83187477.5,0.856460452912633
3,60,84455380,85120289,84787834.5,0.866309352318572
3,61,Inf,-Inf,NaN,NaN
3,62,86762502,87477115,87119808.5,0.882856907365344
3,63,87635655,88366108,88000881.5,0.889786930701039
3,64,Inf,-Inf,NaN,NaN
3,65,89979575,90229884,90104729.5,0.907838567147163
3,66,90653231,91180082,90916656.5,0.915372108254235
3,67,91474476,92168986,91821731,0.924142098195689
3,68,92296635,93025923,92661279,0.932627929273067
3,69,93330506,93395126,93362816,0.939977717239044
3,70,94642183,94642183,94642183,0.953988193327945
3,71,95924827,96782097,96353462,0.973954250354994
3,72,97032218,97392388,97212303,0.984503264107135
3,73,97849703,98288454,98069078.5,0.995378933654319
3,74,99436834,99436894,99436864,1.01346992357268
3,75,Inf,-Inf,NaN,NaN
3,76,101636334,101636723,101636528.5,1.04444307070657
3,77,Inf,-Inf,NaN,NaN
3,78,104074109,104163830,104118969.5,1.08218155669183
3,79,104331135,104874970,104603052.5,1.0898845861885
3,80,105255977,105878862,105567419.5,1.1055647218146
3,81,106347242,107179713,106763477.5,1.12563088055913
3,82,108148228,108148228,108148228,1.1497186004317
3,83,Inf,-Inf,NaN,NaN
3,84,109459957,109858507,109659232,1.17705038655466
3,85,111153856,111430815,111292335.5,1.20782046709158
3,86,112062155,112137849,112100002,1.22351020965336
3,87,112452651,113433557,112943104,1.24022163700391
3,88,113786118,113786118,113786118,1.25727173590416
3,89,114730114,114730114,114730114,1.27676821566719
3,90,Inf,-Inf,NaN,NaN
3,91,116360247,117116593,116738420,1.31966600360619
3,92,117409488,118339985,117874736.5,1.34479370101785
3,93,Inf,-Inf,NaN,NaN
3,94,120622998,120622998,120622998,1.40812356400429
4,1,172722,631320,402021,1.71691554602755
4,2,4138532,4138532,4138532,1.61433715748729
4,3,4974139,4974139,4974139,1.59227990964643
4,4,5712527,6992991,6352759,1.55659416956893
4,5,7265175,7779207,7522191,1.52701171158543
4,6,8053930,9101494,8577712,1.50085337316473
4,7,Inf,-Inf,NaN,NaN
4,8,10823973,11121169,10972571,1.44341209765804
4,9,11520676,12678906,12099791,1.41729268959739
4,10,13638477,14021470,13829973.5,1.37834390772013
4,11,15208171,15721379,15464775,1.34281321461549
4,12,16324115,16991369,16657742,1.31766470510984
4,13,17200289,18487797,17844043,1.29330881646724
4,14,18689373,19813614,19251493.5,1.26525592207299
4,15,20166916,20558788,20362852,1.2437513782071
4,16,21415998,21855057,21635527.5,1.21982636349772
4,17,Inf,-Inf,NaN,NaN
4,18,23806197,24183919,23995058,1.17744959480829
4,19,25243131,25998524,25620827.5,1.14974795422237
4,20,26490087,27357308,26923697.5,1.1284297670392
4,21,27905593,28413730,28159661.5,1.10893128847256
4,22,Inf,-Inf,NaN,NaN
4,23,30200987,31376374,30788680.5,1.06980362838939
4,24,31975516,31975587,31975551.5,1.05318578235024
4,25,33943187,33966904,33955045.5,1.02691818022595
4,26,Inf,-Inf,NaN,NaN
4,27,35939871,35939871,35939871,1.00239770950368
4,28,36966070,37631099,37298584.5,0.9866617692002
4,29,38297560,38297560,38297560,0.975636280593859
4,30,39719917,39719917,39719917,0.960733694536475
4,31,40792066,40793700,40792883,0.950110380708727
4,32,43175304,43175304,43175304,0.928424209795197
4,33,43763107,44240084,44001595.5,0.921515373020209
4,34,45743438,45743508,45743473,0.907984596679515
4,35,Inf,-Inf,NaN,NaN
4,36,47426298,47774924,47600611,0.895102679889324
4,37,49371057,49371132,49371094.5,0.884305679550943
4,38,Inf,-Inf,NaN,NaN
4,39,51370504,52141036,51755770,0.87205236976832
4,40,52801266,52851178,52826222,0.867406494083501
4,41,54452821,54452821,54452821,0.86136042798817
4,42,56082395,56100964,56091679.5,0.856505195183759
4,43,56671816,57038837,56855326.5,0.854666706137895
4,44,57984488,58460667,58222577.5,0.852048141907132
4,45,58998551,59755380,59376965.5,0.850509779356497
4,46,Inf,-Inf,NaN,NaN
4,47,61153837,61871789,61512813,0.849287073856931
4,48,62743112,62981078,62862095,0.84960106746243
4,49,63163008,63739671,63451339.5,0.85000209274451
4,50,64780881,64780881,64780881,0.851496335676444
4,51,66067533,66854427,66460980,0.854552779924871
4,52,67220049,67222400,67221224.5,0.85636444629161
4,53,68821397,68821397,68821397,0.861050294279376
4,54,70369894,70719198,70544546,0.867419288099822
4,55,Inf,-Inf,NaN,NaN
4,56,73231710,73590417,73411063.5,0.88105388197806
4,57,Inf,-Inf,NaN,NaN
4,58,Inf,-Inf,NaN,NaN
4,59,77555681,77555681,77555681,0.907481228169251
4,60,77831834,78523846,78177840,0.912133476979431
4,61,78984023,79748247,79366135,0.921516091461422
4,62,80914307,80932431,80923369,0.934799563699251
4,63,81205652,82002903,81604277.5,0.940959917133663
4,64,83159877,83216453,83188165,0.956118510324007
4,65,83837888,83996686,83917287,0.963486200886796
4,66,85305414,85305414,85305414,0.978192066733517
4,67,86690771,86690771,86690771,0.993756277487507
4,68,87190783,87715917,87453350,1.00270212654005
4,69,88782951,89488002,89135476.5,1.02338530747421
4,70,89628132,90801523,90214827.5,1.03734546716902
4,71,91153388,91227550,91190469,1.05042747066327
4,72,92235197,92603286,92419241.5,1.06752941552013
4,73,94076168,94076168,94076168,1.091695028612
4,74,94499928,94499928,94499928,1.09807910400196
4,75,Inf,-Inf,NaN,NaN
4,76,96436124,96551087,96493605.5,1.12922795665423
4,77,Inf,-Inf,NaN,NaN
4,78,99310432,100548168,99929300,1.18721623232421
4,79,100828132,102128919,101478525.5,1.21514855578179
4,80,Inf,-Inf,NaN,NaN
4,81,103415055,104661824,104038439.5,1.26373370134417
4,82,105238190,105901569,105569879.5,1.29424679820162
4,83,Inf,-Inf,NaN,NaN
4,84,108486695,108486695,108486695,1.3553603314979
4,85,109338929,110839264,110089096.5,1.39060712477494
4,86,111590159,111590159,111590159,1.42470110804947
4,87,112645299,112647186,112646242.5,1.44931209792564
4,88,113676016,113676016,113676016,1.47380620891523
4,89,Inf,-Inf,NaN,NaN
4,90,116485005,116485311,116485158,1.5431157124439
4,91,Inf,-Inf,NaN,NaN
4,92,Inf,-Inf,NaN,NaN
4,93,118676822,119232945,118954883.5,1.60706290771974
4,94,120228900,120228900,120228900,1.64115222390145
5,1,Inf,-Inf,NaN,NaN
5,2,1985730,2074145,2029937.5,1.61563282228256
5,3,Inf,-Inf,NaN,NaN
5,4,3531860,4039813,3785836.5,1.56233212630071
5,5,Inf,-Inf,NaN,NaN
5,6,5693007,6282795,5987901,1.49785730548948
5,7,7104140,7104140,7104140,1.46618157574501
5,8,7733715,8562727,8148221,1.4371666495582
5,9,9130973,9652848,9391910.5,1.40337809638541
5,10,10482135,10737307,10609721,1.37110752049086
5,11,11158112,11647027,11402569.5,1.35053131102861
5,12,13129039,14675183,13902111,1.28789971061806
5,13,15083929,16222106,15653017.5,1.24604994920939
5,14,Inf,-Inf,NaN,NaN
5,15,18739471,20983776,19861623.5,1.1522750593561
5,16,21389536,21876606,21633071,1.11568396064446
5,17,23645816,24067897,23856856.5,1.07216457522237
5,18,24383455,25102148,24742801.5,1.05557561958928
5,19,25597342,25933264,25765303,1.03696017713271
5,20,26972692,26972692,26972692,1.01571061596649
5,21,29388592,29388592,29388592,0.975571352139193
5,22,29948479,30417623,30183051,0.963065059551553
5,23,30838687,32314014,31576350.5,0.941960522687688
5,24,32802226,32928324,32865275,0.923376792925204
5,25,Inf,-Inf,NaN,NaN
5,26,35234997,36331150,35783073.5,0.884644675936293
5,27,37071026,38248775,37659900.5,0.862177120165763
5,28,38963375,40144186,39553780.5,0.841446747333364
5,29,40560225,40560225,40560225,0.831223748647194
5,30,41521945,42868612,42195278.5,0.815789730306967
5,31,43003607,43675971,43339789,0.805850979366274
5,32,Inf,-Inf,NaN,NaN
5,33,47101621,47103749,47102685,0.778194501639869
5,34,47460701,49553247,48506974,0.769845853846791
5,35,51058943,51391652,51225297.5,0.75673159905591
5,36,52127126,53080140,52603633,0.751616967761815
5,37,54369185,55652628,55010906.5,0.745161556877601
5,38,Inf,-Inf,NaN,NaN
5,39,58003271,60380351,59191811,0.741437802866535
5,40,60665676,61640618,61153147,0.74296585260071
5,41,62345992,63273386,62809689,0.74588566014572
5,42,63994171,65261569,64627870,0.750807806225478
5,43,65693887,66948313,66321100,0.757007982188322
5,44,67902781,68880383,68391582,0.766707972634612
5,45,69351812,70288530,69820171,0.774759647944292
5,46,71164137,71810896,71487516.5,0.785560246713295
5,47,72077537,72077537,72077537,0.789744304436141
5,48,74199318,74199318,74199318,0.806354814091226
5,49,75366097,75479951,75423024,0.817047589762219
5,50,Inf,-Inf,NaN,NaN
5,51,76991652,76996499,76994075.5,0.831969076192171
5,52,78206393,78675577,78440985,0.846898564924097
5,53,79722978,79906618,79814798,0.862127272836594
5,54,81342964,82442189,81892576.5,0.887109016155033
5,55,82957975,84057383,83507679,0.908149262922628
5,56,84702122,84702308,84702215,0.924623083615313
5,57,85723823,86805776,86264799.5,0.947343829610969
5,58,87293000,87843519,87568259.5,0.967312333541605
5,59,88945419,88979077,88962248,0.98968989788218
5,60,90346816,90866134,90606475,1.0174425281437
5,61,91320701,92191685,91756193,1.03772166147384
5,62,93567271,93567271,93567271,1.07112379834617
5,63,94645698,94909388,94777543,1.09443917628219
5,64,97080119,97828652,97454385.5,1.14883602475566
5,65,98317683,98756059,98536871,1.1719397637545
5,66,100206460,100746458,100476459,1.21493028668138
5,67,101813801,102937852,102375826.5,1.25901152049476
5,68,104415216,104415216,104415216,1.30852608405283
5,69,105687089,105870613,105778851,1.34289542620848
5,70,Inf,-Inf,NaN,NaN
5,71,107362671,108338670,107850670.5,1.39704890142819
5,72,108416972,108909524,108663248,1.41892530462854
5,73,109319236,109634728,109476982,1.44119260033865
5,74,110429403,111229861,110829632,1.47900358447655
5,75,112009186,112045991,112027588.5,1.51332100997352
5,76,112975725,112978999,112977362,1.54108335408768
5,77,113572428,114610945,114091686.5,1.57428087068642
5,78,Inf,-Inf,NaN,NaN
5,79,116669896,116787507,116728701.5,1.6555309758358
5,80,117965596,117965596,117965596,1.69494400034432
5,81,118752297,118752384,118752340.5,1.72044602276753
5,82,119283474,119283474,119283474,1.73785279610528
6,1,Inf,-Inf,NaN,NaN
6,2,2164733,2296875,2230804,1.56161561989701
6,3,2642053,3854279,3248166,1.53590369968982
6,4,Inf,-Inf,NaN,NaN
6,5,5205310,7634571,6419940.5,1.45882138535859
6,6,8006146,8272837,8139491.5,1.41898049854071
6,7,9550236,9550300,9550268,1.38731686697721
6,8,10874111,11301727,11087919,1.35385601208164
6,9,12118842,12703601,12411221.5,1.32593672326473
6,10,Inf,-Inf,NaN,NaN
6,11,13897068,14094866,13995967,1.29356916726349
6,12,14674345,15214862,14944603.5,1.27475057821413
6,13,16636355,16636355,16636355,1.24222532839479
6,14,16909574,16909574,16909574,1.23709686089967
6,15,17904646,18723072,18313859,1.21128344686539
6,16,18854546,19456660,19155603,1.19624861270553
6,17,21414853,21414895,21414874,1.15751774727806
6,18,21588640,22109684,21849162,1.15034372925658
6,19,23016620,23618990,23317805,1.12673065226459
6,20,24111562,24707355,24409458.5,1.10982641202815
6,21,25192787,25192811,25192799,1.09803667857288
6,22,26925931,28098371,27512151,1.06479630574937
6,23,28753920,30365819,29559869.5,1.03752073387702
6,24,30553830,31484656,31019243,1.01926768782146
6,25,32897451,32901472,32899461.5,0.997205707344499
6,26,33396376,35360248,34378312,0.981004162668822
6,27,35648890,36300027,35974458.5,0.964654707585517
6,28,37401600,38042286,37721943,0.948108786309085
6,29,38580494,39470947,39025720.5,0.936685737297668
6,30,Inf,-Inf,NaN,NaN
6,31,41253845,41279070,41266457.5,0.918893604304768
6,32,Inf,-Inf,NaN,NaN
6,33,42319104,43175657,42747380.5,0.908411535282077
6,34,43990690,43990690,43990690,0.900396029574349
6,35,Inf,-Inf,NaN,NaN
6,36,45621239,46083225,45852232,0.889733908410024
6,37,46666718,47983800,47325259,0.882435033914636
6,38,48575378,48815917,48695647.5,0.876547500750955
6,39,49452959,50255777,49854368,0.872248295689954
6,40,51044824,51215544,51130184,0.868234237765185
6,41,52865298,52865298,52865298,0.863985480036911
6,42,53416254,53858183,53637218.5,0.862543642375661
6,43,Inf,-Inf,NaN,NaN
6,44,56234508,56234508,56234508,0.859719675386396
6,45,56903453,58027267,57465360,0.859473054878533
6,46,59126780,60173472,59650126,0.860764184426833
6,47,60221940,60221940,60221940,0.861467296873158
6,48,62111761,62236439,62174100,0.865009247325408
6,49,Inf,-Inf,NaN,NaN
6,50,Inf,-Inf,NaN,NaN
6,51,66307093,66307093,66307093,0.878334808093659
6,52,67213645,67213668,67213656.5,0.882316219823561
6,53,67910310,69184582,68547446,0.88886620749555
6,54,69601707,70209569,69905638,0.89638311095917
6,55,71579177,71579177,71579177,0.906820786289701
6,56,72727790,72737405,72732597.5,0.914769977874856
6,57,73057109,73639744,73348426.5,0.919266603498095
6,58,74301774,75380980,74841377,0.930897148800456
6,59,75746331,77585276,76665803.5,0.946512201874804
6,60,79006685,79527238,79266961.5,0.971442242239298
6,61,Inf,-Inf,NaN,NaN
6,62,81499583,82706743,82103163,1.00219785000893
6,63,83374529,84351311,83862920,1.023154340248
6,64,85178107,87022281,86100194,1.05186925633818
6,65,87396177,88132026,87764101.5,1.07472903153548
6,66,88421804,89479553,88950678.5,1.09181456971752
6,67,90515138,90515138,90515138,1.11533837297903
6,68,90989420,90989420,90989420,1.1226938776437
6,69,92807218,92807218,92807218,1.15185089909308
6,70,93254991,93272414,93263702.5,1.15941332104822
6,71,94140822,94798529,94469675.5,1.17985675462608
6,72,95080255,95163355,95121805,1.19119226826821
6,73,96260709,96260709,96260709,1.21146163168578
6,74,98222812,98222812,98222812,1.24779134052013
6,75,99028913,99203562,99116237.5,1.26492480417246
6,76,99559664,100059005,99809334.5,1.27847127376928
6,77,Inf,-Inf,NaN,NaN
6,78,101464142,102393937,101929039.5,1.32128192376862
6,79,102659834,103257592,102958713,1.34282904175724
6,80,103543675,103827633,103685654,1.3583369760398
6,81,104727036,104940024,104833530,1.38332336724689
6,82,105337271,106197670,105767470.5,1.40410337373195
6,83,Inf,-Inf,NaN,NaN
6,84,Inf,-Inf,NaN,NaN
6,85,Inf,-Inf,NaN,NaN
6,86,Inf,-Inf,NaN,NaN
6,87,Inf,-Inf,NaN,NaN
6,88,111876968,112039818,111958393,1.55206961695939
6,89,113015458,113270275,113142866.5,1.58240310414288
6,90,114019660,114071114,114045387,1.60595236878273
6,91,115008971,115451787,115230379,1.63744520560295
6,92,115891194,115894711,115892952.5,1.65533764482948
6,93,117148273,117346404,117247338.5,1.69254500024775
6,94,118311548,119015890,118663719,1.73236467721604
6,95,119195329,119195329,119195329,1.74755011648443
7,1,1370974,1370974,1370974,2.12012007796093
7,2,2226460,2525964,2376212,2.0808312223391
7,3,3326752,3327095,3326923.5,2.0442415205406
7,4,4180246,4379001,4279623.5,2.00812921935526
7,5,4819492,5001007,4910249.5,1.98453020998257
7,6,5710344,6324097,6017220.5,1.94369318729835
7,7,6536721,8272794,7404757.5,1.8935631621528
7,8,12937267,12937267,12937267,1.70537526585273
7,9,13920705,13934893,13927799,1.67365611485772
7,10,Inf,-Inf,NaN,NaN
7,11,15919346,16817409,16368377.5,1.59806104873719
7,12,17447898,17448451,17448174.5,1.56577633278311
7,13,18199979,19254874,18727426.5,1.52844998636722
7,14,20289846,20331931,20310888.5,1.48363201210205
7,15,20565976,20565976,20565976,1.47655533152227
7,16,21759616,21984004,21871810,1.44095130246438
7,17,23403503,23498152,23450827.5,1.39929030960334
7,18,24821289,24946499,24883894,1.36279866776283
7,19,25987797,26092041,26039919,1.33427590293539
7,20,27681104,27681104,27681104,1.29518504651063
7,21,28416847,28515652,28466249.5,1.27706584417087
7,22,Inf,-Inf,NaN,NaN
7,23,30091626,30094643,30093134.5,1.24072008048969
7,24,31725382,32094985,31910183.5,1.20203748090401
7,25,32677080,33849742,33263411,1.17453952911716
7,26,34703333,35267018,34985175.5,1.14117008347345
7,27,35557779,35818176,35687977.5,1.12806962344023
7,28,37176698,38123606,37650152,1.09309138912586
7,29,Inf,-Inf,NaN,NaN
7,30,40136380,40136380,40136380,1.05214964845454
7,31,40252757,40620700,40436728.5,1.04745934640076
7,32,41112412,41982135,41547273.5,1.03059548157465
7,33,Inf,-Inf,NaN,NaN
7,34,Inf,-Inf,NaN,NaN
7,35,45855938,45855938,45855938,0.972300048007842
7,36,Inf,-Inf,NaN,NaN
7,37,47892136,47892300,47892218,0.948696240642401
7,38,48977889,48977889,48977889,0.937146902502336
7,39,49479134,50568641,50023887.5,0.926700710487653
7,40,Inf,-Inf,NaN,NaN
7,41,53497625,54081460,53789542.5,0.894628616130209
7,42,55237703,56130546,55684124.5,0.881768238573316
7,43,56387014,57489872,56938443,0.87446047250064
7,44,57641183,58363039,58002111,0.869016606905175
7,45,58781285,59017240,58899262.5,0.864962341110938
7,46,Inf,-Inf,NaN,NaN
7,47,61421808,61844595,61633201.5,0.855639999655632
7,48,62508803,62810499,62659651,0.853319017459669
7,49,63102743,63325058,63213900.5,0.852333384054341
7,50,63966892,64527013,64246952.5,0.850997183494822
7,51,64851985,64852323,64852154,0.850517250294373
7,52,66143916,66212415,66178165.5,0.850247952875535
7,53,Inf,-Inf,NaN,NaN
7,54,68156093,68528080,68342086.5,0.852115368452397
7,55,Inf,-Inf,NaN,NaN
7,56,70904793,71819201,71361997,0.859503510784388
7,57,72500351,72710782,72605566.5,0.864165451370254
7,58,73193660,73193660,73193660,0.866699166445633
7,59,Inf,-Inf,NaN,NaN
7,60,75315789,76453515,75884652,0.880988368809897
7,61,76853131,76853131,76853131,0.88721362369001
7,62,78081511,78081511,78081511,0.895933819485702
7,63,80481358,80481358,80481358,0.915629965165164
7,64,81254927,81668727,81461827,0.924689334147928
7,65,82391536,82419764,82405650,0.933964890207216
7,66,83565824,84068296,83817060,0.948851164341085
7,67,85223994,85230666,85227330,0.964940976728231
7,68,Inf,-Inf,NaN,NaN
7,69,86991417,88192479,87591948,0.994645641005661
7,70,88349672,88922094,88635883,1.0088466519979
7,71,90080630,90239425,90160027.5,1.03077576329239
7,72,90725014,91261221,90993117.5,1.04336198569074
7,73,92744435,93886134,93315284.5,1.08068318355756
7,74,94242634,95514320,94878477,1.10766164774103
7,75,96192503,97030883,96611693,1.13931973667115
7,76,98254239,98726055,98490147,1.17570308304257
7,77,Inf,-Inf,NaN,NaN
7,78,101248064,102855103,102051583.5,1.25060183473514
7,79,103224029,103497716,103360872.5,1.28008485554045
7,80,105171209,105582688,105376948.5,1.32753147094429
7,81,106531205,106531205,106531205,1.35581373134034
7,82,107528087,108094075,107811081,1.3881256476027
7,83,108638689,108861104,108749896.5,1.41246338013043
7,84,109485119,110397885,109941502,1.44412987817084
7,85,110750880,111259941,111005410.5,1.47313589501256
7,86,111906599,111931915,111919257,1.49860276944368
8,1,527706,943817,735761.5,1.9734268495203
8,2,2362316,2362316,2362316,1.90890058639838
8,3,4270697,4270697,4270697,1.83545412176645
8,4,4651429,4709081,4680255,1.82000980090677
8,5,Inf,-Inf,NaN,NaN
8,6,7954469,8042358,7998413.5,1.69902677944307
8,7,8651806,9009550,8830678,1.66983889300212
8,8,9962339,10909676,10436007.5,1.61485022819513
8,9,11002466,11710551,11356508.5,1.58409847058751
8,10,13265001,15172718,14218859.5,1.49210158103688
8,11,16573737,16594948,16584342.5,1.42021708522301
8,12,18083552,18086724,18085138,1.37655343040634
8,13,18272635,19014469,18643552,1.36069234475882
8,14,19811075,20810240,20310657.5,1.31458315441502
8,15,Inf,-Inf,NaN,NaN
8,16,22901301,22901301,22901301,1.24662583871385
8,17,23688851,24138389,23913620,1.22129277106193
8,18,25104250,25104250,25104250,1.19237621453079
8,19,25853585,26760073,26306829,1.16413363191839
8,20,27383595,27383595,27383595,1.13966799990149
8,21,28117509,28726561,28422035,1.11680905032102
8,22,Inf,-Inf,NaN,NaN
8,23,30693227,30693621,30693424,1.0693280687416
8,24,31602932,32507727,32055329.5,1.04251659163747
8,25,Inf,-Inf,NaN,NaN
8,26,34470329,35434141,34952235,0.989619157865816
8,27,35708574,36173533,35941053.5,0.972850567028746
8,28,37624076,37985996,37805036,0.943022220260962
8,29,38591838,39836688,39214263,0.922016405464088
8,30,40091369,40723535,40407452,0.905271109527677
8,31,42045686,42045686,42045686,0.883833992991594
8,32,42704881,42704881,42704881,0.875715457036881
8,33,43549892,44891579,44220735.5,0.858151004338433
8,34,45230054,45867456,45548755,0.844028278583179
8,35,Inf,-Inf,NaN,NaN
8,36,47734909,47734909,47734909,0.82335353399583
8,37,49227328,49664019,49445673.5,0.809408047961728
8,38,50473492,51073658,50773575,0.799935307964634
8,39,51369892,51949059,51659475.5,0.794272664838788
8,40,53172567,53173079,53172823,0.785815802945452
8,41,53903415,53903415,53903415,0.782282344135472
8,42,55004792,55505902,55255347,0.77668702377387
8,43,56038396,57115636,56577016,0.772400763595049
8,44,57432966,57531155,57482060.5,0.770140788559851
8,45,Inf,-Inf,NaN,NaN
8,46,Inf,-Inf,NaN,NaN
8,47,61120264,61120264,61120264,0.766593402729994
8,48,Inf,-Inf,NaN,NaN
8,49,62803045,63394998,63099021.5,0.768387581751854
8,50,64023611,64172559,64098085,0.770290128602294
8,51,64975150,64975150,64975150,0.772511610262593
8,52,66421093,67260693,66840893,0.778951663201581
8,53,67593125,68331716,67962420.5,0.783945278199386
8,54,68633530,68827030,68730280,0.7878502142229
8,55,70401098,70401417,70401257.5,0.797713202015835
8,56,71534841,72249607,71892224,0.808093042010683
8,57,72868220,72871869,72870044.5,0.815709184886342
8,58,74949334,74949334,74949334,0.834034108469027
8,59,75650021,75680231,75665126,0.841012693859459
8,60,76846370,77125415,76985892.5,0.854790579301494
8,61,Inf,-Inf,NaN,NaN
8,62,78725809,79660034,79192921.5,0.880422117196834
8,63,Inf,-Inf,NaN,NaN
8,64,81778058,82110050,81944054,0.916942423560405
8,65,83635957,83635957,83635957,0.941920193204028
8,66,Inf,-Inf,NaN,NaN
8,67,85273894,85887334,85580614,0.972998570087754
8,68,Inf,-Inf,NaN,NaN
8,69,87734495,87734495,87734495,1.01037806307448
8,70,88807058,88974154,88890606,1.03172377498654
8,71,89859523,89859523,89859523,1.050303038401
8,72,90610971,90714611,90662791,1.06618283933608
8,73,92360486,92935430,92647958,1.10728206579559
8,74,94649843,94666544,94658193.5,1.15159101731019
8,75,Inf,-Inf,NaN,NaN
8,76,97011776,97338128,97174952,1.21088150895292
8,77,97865326,97865555,97865440.5,1.2278901375916
8,78,99249498,99249498,99249498,1.26294519728637
8,79,100967241,100967241,100967241,1.30823674340283
8,80,Inf,-Inf,NaN,NaN
8,81,103083039,103083074,103083056.5,1.36674155344811
8,82,103137122,103726952,103432037,1.37667944565049
8,83,Inf,-Inf,NaN,NaN
8,84,106174477,106393609,106284043,1.46095422837718
8,85,106817894,107147768,106982831,1.48243417807845
8,86,107586918,107851237,107719077.5,1.50541951441299
8,87,108829143,109770679,109299911,1.55599966326405
8,88,110374988,110608001,110491494.5,1.5952321576522
8,89,111646306,112057453,111851879.5,1.64118543871404
8,90,112460587,113196905,112828746,1.67494850967067
9,1,1004333,1004333,1004333,2.32555769810731
9,2,Inf,-Inf,NaN,NaN
9,3,Inf,-Inf,NaN,NaN
9,4,Inf,-Inf,NaN,NaN
9,5,6845938,7191507,7018722.5,1.9522304646973
9,6,9555330,9555330,9555330,1.80803450098401
9,7,10447660,11008277,10727968.5,1.74403317392749
9,8,12551343,13472823,13012083,1.6241944878801
9,9,13839258,14162507,14000882.5,1.57429398094311
9,10,15250986,15465760,15358373,1.50773391240945
9,11,15767136,15991964,15879550,1.48277815247764
9,12,17726910,17726910,17726910,1.39699447800097
9,13,19647877,20171743,19909810,1.30100683632091
9,14,21038447,21038584,21038515.5,1.25365934879543
9,15,22577162,22577294,22577228,1.191621282089
9,16,22892355,23327111,23109733,1.17082576754177
9,17,23907882,25034961,24471421.5,1.11922524115036
9,18,25681862,26110323,25896092.5,1.06766426222857
9,19,Inf,-Inf,NaN,NaN
9,20,28400590,28889616,28645103,0.975186026699936
9,21,30134814,30134814,30134814,0.928930714177177
9,22,Inf,-Inf,NaN,NaN
9,23,Inf,-Inf,NaN,NaN
9,24,33096287,33096287,33096287,0.845034250390678
9,25,34645804,35135005,34890404.5,0.799422947285898
9,26,35477506,36582897,36030201.5,0.772490121591637
9,27,37467972,37467972,37467972,0.74078140200296
9,28,37999631,38302047,38150839,0.726606475691541
9,29,40088500,40278094,40183297,0.687789861402272
9,30,Inf,-Inf,NaN,NaN
9,31,43187936,43949613,43568774.5,0.634343567214952
9,32,45304080,45304080,45304080,0.612379600993855
9,33,47164316,49099022,48131669,0.584476142421354
9,34,50102947,50102947,50102947,0.570804877242776
9,35,50591670,50591670,50591670,0.568150289264541
9,36,51578666,51578666,51578666,0.56367946797369
9,37,52283187,53197831,52740509,0.559942562523716
9,38,53983792,54530135,54256963.5,0.557547488797624
9,39,55095563,55096192,55095877.5,0.557430213414804
9,40,56965081,56965081,56965081,0.560262806807348
9,41,57559068,57559623,57559345.5,0.562058120043399
9,42,58624775,59182901,58903838,0.567713098134136
9,43,60228560,60228560,60228560,0.575446096381396
9,44,60671448,61241459,60956453.5,0.580608320010037
9,45,61399221,61399221,61399221,0.584065231471853
9,46,63116931,64072491,63594711,0.604746762180728
9,47,64554519,65252101,64903310,0.619876389181769
9,48,66217340,66292441,66254890.5,0.637700484613801
9,49,68380921,69072417,68726669,0.676073420034635
9,50,69669920,70569656,70119788,0.700991638323589
9,51,Inf,-Inf,NaN,NaN
9,52,Inf,-Inf,NaN,NaN
9,53,74848962,75753957,75301459.5,0.814496867369407
9,54,Inf,-Inf,NaN,NaN
9,55,78142285,78142382,78142333.5,0.890656439297316
9,56,80245681,81541771,80893726,0.97382135428611
9,57,81801331,82084067,81942699,1.00796464591523
9,58,83320521,83320792,83320656.5,1.05486011069721
9,59,84225154,85494205,84859679.5,1.10998090237867
9,60,86376179,87038862,86707520.5,1.17998725988689
9,61,87302883,87967637,87635260,1.21670896733797
9,62,88852919,89308118,89080518.5,1.27601123003905
9,63,89538103,90276983,89907543,1.31109452092192
9,64,90532279,90543408,90537843.5,1.33839398029855
9,65,91672672,92430269,92051470.5,1.40593531676807
9,66,93731471,93731471,93731471,1.48417985872044
9,67,94991477,94991477,94991477,1.54512766423966
9,68,95192084,96215762,95703923,1.58044831623504
9,69,96352431,97221412,96786921.5,1.63532815416938
9,70,97741004,98460090,98100547,1.70381899235933
9,71,100091317,100091317,100091317,1.8116359599266
9,72,Inf,-Inf,NaN,NaN
9,73,101433902,102690968,102062435,1.92316166323633
9,74,102996425,102999129,102997777,1.97774480311515
9,75,104731273,104731273,104731273,2.08173295061968
10,1,1093739,1979167,1536453,1.90218572450394
10,2,2885615,3530555,3208085,1.82965477549424
10,3,4255382,4619318,4437350,1.7778619450012
10,4,6003240,6003240,6003240,1.71378130601442
10,5,Inf,-Inf,NaN,NaN
10,6,7824740,8873550,8349145,1.62175390835814
10,7,10165951,10458394,10312172.5,1.54840908236802
10,8,11680324,11680324,11680324,1.49926417288869
10,9,12545495,12761741,12653618,1.46528961316127
10,10,13193968,13194173,13194070.5,1.44677841035844
10,11,13606664,13606664,13606664,1.43281681578989
10,12,14581106,15460768,15020937,1.38607854750435
10,13,15909237,16669570,16289403.5,1.34563236601045
10,14,Inf,-Inf,NaN,NaN
10,15,18086840,18251788,18169314,1.28825262628266
10,16,19400844,19793211,19597027.5,1.24671995889362
10,17,Inf,-Inf,NaN,NaN
10,18,21342468,25598535,23470501.5,1.14293084749494
10,19,25732248,26614696,26173472,1.07820245173732
10,20,27034957,27619960,27327458.5,1.05249508311525
10,21,28624573,28833944,28729258.5,1.02281853750613
10,22,Inf,-Inf,NaN,NaN
10,23,31266149,31266149,31266149,0.973438476594853
10,24,32710089,33658021,33184055,0.939806460350149
10,25,33774666,34603750,34189208,0.9234525516566
10,26,35212871,36192600,35702735.5,0.900478051366705
10,27,36758715,37705792,37232253.5,0.879276250445677
10,28,38376013,38856220,38616116.5,0.861839282194775
10,29,40088313,40088313,40088313,0.845109986772808
10,30,40593671,41575638,41084654.5,0.834853072193396
10,31,42324590,43032449,42678519.5,0.820232585780625
10,32,44103665,44601357,44352511,0.807245855556166
10,33,45323831,45708348,45516089.5,0.799648584176039
10,34,Inf,-Inf,NaN,NaN
10,35,46802159,47632178,47217168.5,0.790651938882002
10,36,48416080,48435037,48425558.5,0.785783406781399
10,37,49569157,49571749,49570453,0.782337352855022
10,38,50251003,50929222,50590112.5,0.780223960611989
10,39,51229779,51735816,51482797.5,0.779112952119623
10,40,52109975,52898318,52504146.5,0.778688313739541
10,41,53560658,53560658,53560658,0.779199648828537
10,42,54537392,54767231,54652311.5,0.78074343687737
10,43,55869514,56175797,56022655.5,0.784142243765135
10,44,Inf,-Inf,NaN,NaN
10,45,58097440,59064326,58580883,0.794839196180983
10,46,59971472,59971715,59971593.5,0.803032351784602
10,47,60587923,61766401,61177162,0.811490108401258
10,48,62376200,63099761,62737980.5,0.824309836417221
10,49,64431413,64431413,64431413,0.840605072561653
10,50,65897687,67028558,66463122.5,0.863432655931936
10,51,67598550,68252447,67925498.5,0.882075972593554
10,52,68603591,69311077,68957334,0.896344896718208
10,53,69613188,70317873,69965530.5,0.911177531494357
10,54,Inf,-Inf,NaN,NaN
10,55,72202330,72370143,72286236.5,0.948665091272469
10,56,Inf,-Inf,NaN,NaN
10,57,75050187,75050187,75050187,0.999398100510126
10,58,76867679,77040821,76954250,1.03819638613392
10,59,77844350,78878993,78361671.5,1.068892955764
10,60,80942486,80942486,80942486,1.12963880431662
10,61,81089448,81572252,81330850,1.13927923122083
10,62,82889475,82889475,82889475,1.17928329107271
10,63,83538763,83844833,83691798,1.20069615158224
10,64,85072848,85072848,85072848,1.23886010654031
10,65,Inf,-Inf,NaN,NaN
10,66,86513542,86868858,86691200,1.28568356575333
10,67,87848389,87848389,87848389,1.3205550584263
10,68,88774471,88774471,88774471,1.34929762996499
10,69,90425600,90425600,90425600,1.40238591689933
10,70,91068123,91068123,91068123,1.42368292445786
10,71,91578252,91581105,91579678.5,1.44089453731255
10,72,92695820,92970266,92833043,1.48402265904132
10,73,93670999,94339279,94005139,1.52558535052985
10,74,Inf,-Inf,NaN,NaN
10,75,96686842,97276823,96981832.5,1.63648693275894
10,76,97946433,98245112,98095772.5,1.67996172079776
10,77,98548449,98548526,98548487.5,1.69793737227579
11,1,546530,773932,660231,2.04724937498268
11,2,1703612,1703612,1703612,1.99590655245627
11,3,1841901,2397621,2119761,1.9757223823008
11,4,2658915,3451642,3055278.5,1.93095920283382
11,5,Inf,-Inf,NaN,NaN
11,6,5060865,5209399,5135132,1.83447421080436
11,7,6208546,6344177,6276361.5,1.78331003466352
11,8,6701679,7273201,6987440,1.7520675978942
11,9,7479239,8284491,7881865,1.71346400139196
11,10,8482764,9201571,8842167.5,1.67287849081761
11,11,Inf,-Inf,NaN,NaN
11,12,10483399,11073836,10778617.5,1.5937506319131
11,13,11357903,11540950,11449426.5,1.56718565067161
11,14,12596244,13037167,12816705.5,1.51438714762858
11,15,13538668,13543319,13540993.5,1.48715085760072
11,16,15156553,15384996,15270774.5,1.42415674703114
11,17,16020458,16020458,16020458,1.39775418872747
11,18,Inf,-Inf,NaN,NaN
11,19,18541698,19101123,18821410.5,1.30391915376061
11,20,Inf,-Inf,NaN,NaN
11,21,Inf,-Inf,NaN,NaN
11,22,21581129,21583790,21582459.5,1.21884785633832
11,23,22373763,22460022,22416892.5,1.19458890483732
11,24,23599074,23599074,23599074,1.16137302869462
11,25,24198851,24198851,24198851,1.14503791397989
11,26,25250960,25412722,25331841,1.11513002162436
11,27,26394291,27085386,26739838.5,1.07969291773815
11,28,28188664,28188664,28188664,1.0452299564727
11,29,29374448,29374448,29374448,1.01853478297397
11,30,29636491,30281454,29958972.5,1.00587601512066
11,31,31177193,31177193,31177193,0.980555692454764
11,32,Inf,-Inf,NaN,NaN
11,33,32750712,32984557,32867634.5,0.947798327811823
11,34,34286997,34286997,34286997,0.922428597677359
11,35,35288276,36332869,35810572.5,0.897364608830169
11,36,36718233,37602723,37160478,0.877033550461523
11,37,37733325,38795427,38264376,0.861717638958304
11,38,39708839,41397451,40553145,0.833717685943646
11,39,41827394,42940576,42383985,0.814967492483334
11,40,43385446,43385446,43385446,0.806082980913106
11,41,44792163,44802926,44797544.5,0.795203742493495
11,42,Inf,-Inf,NaN,NaN
11,43,47283596,48235519,47759557.5,0.778649348916925
11,44,48827893,49612828,49220360.5,0.773609667193977
11,45,49981376,50007798,49994587,0.771775497267023
11,46,51499966,53596694,52548330,0.769835765650898
11,47,54464910,55387387,54926148.5,0.773700756275338
11,48,57276682,57503062,57389872,0.783474100955341
11,49,57760294,57760294,57760294,0.785451246234496
11,50,59794805,60426495,60110650,0.801089033597739
11,51,60816322,61989432,61402877,0.811963116193817
11,52,62058250,63016388,62537319,0.822840802626271
11,53,63430172,63968562,63699367,0.83527379383633
11,54,65590436,65975590,65783013,0.860837811940029
11,55,66207889,67351916,66779902.5,0.874553710150244
11,56,67678534,68597446,68137990,0.894785964804362
11,57,68781382,69637064,69209223,0.912003329913459
11,58,70080203,70584709,70332456,0.931248535946426
11,59,70961279,71417899,71189589,0.946755361891836
11,60,72193226,72193226,72193226,0.965815843425578
11,61,73216006,74649566,73932786,1.00116035141661
11,62,75297048,75691826,75494437,1.0353833143178
11,63,76488136,77750146,77119141,1.07349170100791
11,64,Inf,-Inf,NaN,NaN
11,65,79516725,80333103,79924914,1.1453145875459
11,66,80682671,81887656,81285163.5,1.18287518801081
11,67,82982779,82982779,82982779,1.23226199093289
11,68,83443556,84101193,83772374.5,1.25618257347611
11,69,84997734,85153576,85075655,1.29698422734574
11,70,86569656,87263469,86916562.5,1.35741657544389
11,71,Inf,-Inf,NaN,NaN
11,72,89399550,89627301,89513425.5,1.44823840343413
11,73,90099973,90343975,90221974,1.4741516029007
11,74,91703925,91843154,91773539.5,1.53259173084461
11,75,93198177,93303847,93251012,1.59040547870555
11,76,94640611,95150490,94895550.5,1.65723957943399
11,77,96449907,96863106,96656506.5,1.73170512209481
11,78,97191005,97844929,97517967,1.76922624939384
11,79,98478741,99313703,98896222,1.83074937506251
11,80,100290816,100290816,100290816,1.89487200406753
11,81,Inf,-Inf,NaN,NaN
11,82,101425601,101977403,101701502,1.96164839516812
11,83,102603890,103113622,102858756,2.0178655013547
11,84,Inf,-Inf,NaN,NaN
11,85,104897001,104897001,104897001,2.12002932036447
11,86,106503105,106503216,106503160.5,2.20336639920651
12,1,Inf,-Inf,NaN,NaN
12,2,1850106,1850106,1850106,3.44651710172669
12,3,2883467,3656738,3270102.5,3.29421093255348
12,4,4920234,4920234,4920234,3.12258677858266
12,5,6909020,6909551,6909285.5,2.92337960118082
12,6,7479400,9438674,8459037,2.77397788550729
12,7,10224679,10224791,10224735,2.60995859176574
12,8,11105284,11825176,11465230,2.49867629083588
12,9,12041734,12964574,12503154,2.40807097207133
12,10,13604904,13648950,13626927,2.3125444761846
12,11,14654029,15102555,14878292,2.20932002330977
12,12,15462756,16255818,15859287,2.13071775937302
12,13,16596327,16744878,16670602.5,2.06725123889306
12,14,17723622,19184311,18453966.5,1.93264563039681
12,15,19758846,19758846,19758846,1.83842352437704
12,16,21570958,23090031,22330494.5,1.66329009036702
12,17,23872946,24299500,24086223,1.55176936875885
12,18,25552042,25668982,25610512,1.46024478328726
12,19,27078899,27231432,27155165.5,1.37251836355626
12,20,27915672,29105287,28510479.5,1.29970813105866
12,21,29413150,30432823,29922986.5,1.22796626027732
12,22,31102926,31555734,31329330,1.1607362651251
12,23,32276892,32718981,32497936.5,1.1080583888297
12,24,33495207,33495549,33495378,1.06538454348163
12,25,34587250,35240345,34913797.5,1.00832932169047
12,26,36243350,36243350,36243350,0.958718477263637
12,27,37212753,39022698,38117725.5,0.895138826520499
12,28,40213160,42008330,41110745,0.809044448218776
12,29,42346189,44326840,43336514.5,0.757323162387439
12,30,45573286,45818164,45695725,0.713957988561515
12,31,46711087,46728217,46719652,0.698806005833755
12,32,48073597,48073597,48073597,0.682180443997716
12,33,48455510,49190141,48822825.5,0.674649397878572
12,34,49582236,50165294,49873765,0.666089437815914
12,35,50684460,50753707,50719083.5,0.660902056362927
12,36,Inf,-Inf,NaN,NaN
12,37,52790408,52917863,52854135.5,0.65453984059183
12,38,53870614,54306542,54088578,0.655266892093062
12,39,54495838,54935437,54715637.5,0.656872549557042
12,40,55340574,55674695,55507634.5,0.660090934638373
12,41,57816292,57816292,57816292,0.677054363097984
12,42,Inf,-Inf,NaN,NaN
12,43,59527971,60012041,59770006,0.700229927604368
12,44,61550829,61833717,61692273,0.730923966886539
12,45,62648342,62648834,62648588,0.74910975617088
12,46,64418950,64592673,64505811.5,0.789962238158776
12,47,65869204,66068259,65968731.5,0.827285897043005
12,48,67124148,67124148,67124148,0.859968448311378
12,49,67767129,68624055,68195592,0.892802849163515
12,50,68774154,69494347,69134250.5,0.923566475707497
12,51,Inf,-Inf,NaN,NaN
12,52,76962242,77695384,77328813,1.27140637262956
12,53,78902488,79009274,78955881,1.35739756757315
12,54,79603217,80395615,79999416,1.4155005700048
12,55,80892109,81092735,80992422,1.47293211939712
12,56,Inf,-Inf,NaN,NaN
12,57,83073114,84250347,83661730.5,1.63766865293003
12,58,84882391,85448122,85165256.5,1.73710403066322
12,59,Inf,-Inf,NaN,NaN
12,60,86772298,87226140,86999219,1.86487574095145
12,61,88883423,88883423,88883423,2.003568063877
12,62,89404996,90010017,89707506.5,2.06659103855356
12,63,90564011,90621062,90592536.5,2.13587709942388
13,1,836904,1696024,1266464,2.87321397894885
13,2,1799876,1982840,1891358,2.81288751411743
13,3,2939104,3672114,3305609,2.67966312427453
13,4,4693480,5594453,5143966.5,2.51334118648229
13,5,5728618,6637085,6182851.5,2.42277626068384
13,6,Inf,-Inf,NaN,NaN
13,7,9512443,9571509,9541976,2.14687804533127
13,8,Inf,-Inf,NaN,NaN
13,9,11982484,12574273,12278378.5,1.94124545825499
13,10,14356314,14356314,14356314,1.79656153611621
13,11,15512594,15512594,15512594,1.72033780761775
13,12,16106149,16106149,16106149,1.68240027042816
13,13,17046650,18045930,17546290,1.59370962524794
13,14,18685408,19301080,18993244,1.50938779623059
13,15,19854932,19986012,19920472,1.45787654251106
13,16,20635847,21849615,21242731,1.38782909286644
13,17,22821740,23452414,23137077,1.29445942777178
13,18,24732116,25486017,25109066.5,1.20600215227577
13,19,25631816,26047739,25839777.5,1.17548843736357
13,20,26794137,27589301,27191719,1.12226016624781
13,21,28913322,28913623,28913472.5,1.06053780425932
13,22,29508182,30206737,29857459.5,1.0295816571812
13,23,30878211,31826409,31352310,0.984739883069693
13,24,33262231,33666561,33464396,0.93011479625266
13,25,34124325,34887980,34506152.5,0.906937744817869
13,26,35533998,35542411,35538204.5,0.886429863050607
13,27,36591791,36725388,36658589.5,0.866930932461405
13,28,38196491,38830375,38513433,0.840975247550266
13,29,39301840,39301840,39301840,0.83233140923115
13,30,40581831,40581831,40581831,0.821332698128613
13,31,41023312,41834037,41428674.5,0.816120419008602
13,32,42070556,42070556,42070556,0.813264996440036
13,33,42983956,43954493,43469224.5,0.810314409579868
13,34,44446583,44493281,44469932,0.810955545085675
13,35,45700129,45925987,45813058,0.815424485297511
13,36,46339468,46339468,46339468,0.818304051747883
13,37,47101933,47101933,47101933,0.823601316776889
13,38,48305310,48305310,48305310,0.834673432311571
13,39,Inf,-Inf,NaN,NaN
13,40,51297738,51297738,51297738,0.876598102600897
13,41,Inf,-Inf,NaN,NaN
13,42,53618441,53719704,53669072.5,0.924400384609118
13,43,Inf,-Inf,NaN,NaN
13,44,56292896,56292968,56292932,0.99231651749893
13,45,56793491,56863892,56828691.5,1.00812449097908
13,46,58514819,58529087,58521953,1.06241165773129
13,47,59144986,59144986,59144986,1.08404070322043
13,48,59661764,59661764,59661764,1.10265619520428
13,49,60781323,61194143,60987733,1.15322128686566
13,50,62604461,63204278,62904369.5,1.23343489192887
13,51,63640361,64399733,64020047,1.28400518594945
13,52,65259649,65855988,65557818.5,1.35838482559498
13,53,66033314,66196660,66114987,1.38667213406448
13,54,67114968,67663834,67389401,1.45404935825253
13,55,67838559,69042143,68440351,1.51241344215014
13,56,69248366,69248366,69248366,1.55900795712934
13,57,70531711,71442112,70986911.5,1.66433663604252
13,58,71860088,72431970,72146029,1.73841093491946
13,59,72484670,72918526,72701598,1.77500693562553
13,60,73745761,74339263,74042512,1.86624946074289
13,61,75356494,75356494,75356494,1.95965802423335
13,62,76330884,76330884,76330884,2.03148145555175
13,63,77320281,77366161,77343221,2.10840735690416
13,64,77885325,78193306,78039315.5,2.16266562424059
13,65,Inf,-Inf,NaN,NaN
13,66,79915983,79916135,79916059,2.3144862466691
13,67,81204768,81204768,81204768,2.42341325533079
13,68,81565867,82162959,81864413,2.48064234330033
13,69,82464249,83495532,82979890.5,2.57968794779176
14,1,1923292,1923292,1923292,2.93447518637721
14,2,Inf,-Inf,NaN,NaN
14,3,3466696,3466696,3466696,2.77977151183643
14,4,Inf,-Inf,NaN,NaN
14,5,Inf,-Inf,NaN,NaN
14,6,5873775,5874198,5873986.5,2.54983784131171
14,7,6989887,7186369,7088128,2.43912138628558
14,8,7841366,7841366,7841366,2.3722047062856
14,9,Inf,-Inf,NaN,NaN
14,10,9727522,9730581,9729051.5,2.21046096166575
14,11,10025216,10025216,10025216,2.18585720764309
14,12,10812333,11272570,11042451.5,2.10294689235419
14,13,11736696,11871487,11804091.5,2.04248765340557
14,14,12947120,12947120,12947120,1.95435459850652
14,15,13166900,14023217,13595058.5,1.90578174265927
14,16,15453324,16112649,15782986.5,1.74917583768292
14,17,16194166,16194166,16194166,1.7210214897329
14,18,17674401,17771218,17722809.5,1.61989455819906
14,19,18820781,19335927,19078354,1.53488972046994
14,20,19849178,19849178,19849178,1.48851027054147
14,21,21128800,21870878,21499839,1.39396740989099
14,22,22381612,22382090,22381851,1.34611824220732
14,23,23054179,24064951,23559565,1.2851252575917
14,24,24365162,25616884,24991023,1.21545309144089
14,25,Inf,-Inf,NaN,NaN
14,26,27384863,27703992,27544427.5,1.10332920641658
14,27,27916840,27916840,27916840,1.08827774440396
14,28,29112310,29112310,29112310,1.04220076601936
14,29,30096108,30595032,30345570,0.998245627023883
14,30,31014368,31517060,31265714,0.967817580563952
14,31,Inf,-Inf,NaN,NaN
14,32,34351880,34351927,34351903.5,0.880532450671651
14,33,35518739,36002866,35760802.5,0.848251348842723
14,34,Inf,-Inf,NaN,NaN
14,35,Inf,-Inf,NaN,NaN
14,36,Inf,-Inf,NaN,NaN
14,37,Inf,-Inf,NaN,NaN
14,38,43241964,43242288,43242126,0.756296168722943
14,39,43979834,44765457,44372645.5,0.754031871055481
14,40,46060033,46558182,46309107.5,0.757248694475896
14,41,47141282,47733140,47437211,0.763252876389479
14,42,47996787,48858864,48427825.5,0.771032729526947
14,43,49450434,49840077,49645255.5,0.783805365126686
14,44,51487074,51487074,51487074,0.809860289972271
14,45,51540635,52355715,51948175,0.817651772384271
14,46,53456052,54465232,53960642,0.857604654051684
14,47,54716983,55765964,55241473.5,0.888071965057216
14,48,56614881,56644387,56629634,0.925518610346612
14,49,57167775,57167775,57167775,0.941273791301355
14,50,58566120,58566171,58566145.5,0.985449106748358
14,51,59770268,59770268,59770268,1.0272318180783
14,52,61175089,61175089,61175089,1.08035733906842
14,53,Inf,-Inf,NaN,NaN
14,54,63192356,63279237,63235796.5,1.166817994475
14,55,64298207,65300637,64799422,1.23919307197043
14,56,65640070,66194561,65917315.5,1.29451792481978
14,57,Inf,-Inf,NaN,NaN
14,58,69285882,69594901,69440391.5,1.48840955085989
14,59,69851391,70606933,70229162,1.5358825252532
14,60,71096693,71096693,71096693,1.58981241284985
14,61,72721320,73941140,73331230,1.73700311143726
14,62,74524985,75550798,75037891.5,1.85745801967412
14,63,76029872,76030346,76030109,1.9306872077497
14,64,77855766,77983652,77919709,2.07665204401506
14,65,79411382,80082923,79747152.5,2.22593061575055
14,66,81609796,81610001,81609898.5,2.38630505587307
14,67,82623625,83366790,82995207.5,2.51094976260128
14,68,83739021,84387890,84063455.5,2.61019782678602
15,1,1676811,2045135,1860973,1.52615141895636
15,2,3494971,4183007,3838989,1.46841634496137
15,3,4729541,4854465,4792003,1.44194036850772
15,4,5964621,6816989,6390805,1.39948212301231
15,5,7533304,9125948,8329626,1.35128687065714
15,6,9333195,9333195,9333195,1.32775769311645
15,7,13077556,13077556,13077556,1.24850374227633
15,8,13416650,13416704,13416677,1.24199061690877
15,9,14667911,15470803,15069357,1.21182966552062
15,10,17042947,17042947,17042947,1.17924786580557
15,11,18938965,20129778,19534371.5,1.14345747999326
15,12,20610523,21281860,20946191.5,1.12582152720268
15,13,21532292,22543169,22037730.5,1.11349817786519
15,14,22598054,23316005,22957029.5,1.10400681629679
15,15,23541284,24288996,23915140,1.09497825613395
15,16,24641106,25719535,25180320.5,1.0844064242068
15,17,26396595,26396695,26396645,1.07569180105229
15,18,27280861,27766084,27523472.5,1.06888591134461
15,19,Inf,-Inf,NaN,NaN
15,20,29032738,29649426,29341082,1.06047698531605
15,21,30046695,30122484,30084589.5,1.0579513803266
15,22,31501499,31501499,31501499,1.05460782544835
15,23,32783311,32783311,32783311,1.0532437120938
15,24,32944079,33493248,33218663.5,1.05313928530598
15,25,35048839,35048839,35048839,1.05469076043895
15,26,Inf,-Inf,NaN,NaN
15,27,36997902,37154224,37076063,1.06016324692935
15,28,37309941,37476763,37393352,1.06137687787793
15,29,38602197,39568341,39085269,1.06948037958997
15,30,40917792,41383674,41150733,1.08309860785474
15,31,42087593,42153045,42120319,1.09090407035356
15,32,43039782,43039782,43039782,1.09913984659321
15,33,44011029,44156866,44083947.5,1.10947689289853
15,34,44906647,45667482,45287064.5,1.12268548564846
15,35,47087313,47508472,47297892.5,1.14786412073208
15,36,48068554,48068620,48068587,1.15854349584725
15,37,50976808,51845197,51411002.5,1.2114584609229
15,38,Inf,-Inf,NaN,NaN
15,39,53757917,54199080,53978498.5,1.25938965554695
15,40,54558563,55187930,54873246.5,1.27758036539486
15,41,55961906,55962226,55962066,1.30075345902328
15,42,57312379,57313281,57312830,1.33108339520357
15,43,57953136,59140239,58546687.5,1.36031925666248
15,44,59248819,59249116,59248967.5,1.37761229912862
15,45,60981458,61241418,61111438,1.42576716849037
15,46,61934309,62013107,61973708,1.44918936068661
15,47,62706301,64283442,63494871.5,1.49224984330773
15,48,64408726,65496837,64952781.5,1.53560477261441
15,49,66170316,66307018,66238667,1.57553783088417
15,50,67333406,67441272,67387339,1.61255222441767
15,51,67564291,68728132,68146211.5,1.63770078392018
15,52,69214590,69214643,69214616.5,1.67404426211306
15,53,Inf,-Inf,NaN,NaN
15,54,72113705,72113705,72113705,1.77818301260372
15,55,73508694,73998223,73753458.5,1.84065780978903
15,56,74272032,75031018,74651525,1.87596836368769
15,57,Inf,-Inf,NaN,NaN
15,58,76120228,76790727,76455477.5,1.94923687887929
15,59,77670707,77670707,77670707,2.00035542323322
15,60,78583763,78583763,78583763,2.03969593153771
15,61,79766609,81818289,80792449,2.13817075348991
15,62,Inf,-Inf,NaN,NaN
15,63,82958580,84247851,83603215.5,2.2702623993608
16,1,1199397,1199397,1199397,3.01590379839961
16,2,Inf,-Inf,NaN,NaN
16,3,Inf,-Inf,NaN,NaN
16,4,4181399,4181399,4181399,2.7133148227558
16,5,4535774,4535774,4535774,2.67884961067658
16,6,7817810,8365254,8091532,2.35059632475965
16,7,9855098,10308423,10081760.5,2.18081237404428
16,8,Inf,-Inf,NaN,NaN
16,9,11789717,13066697,12428207,1.99349672748324
16,10,13436882,14906548,14171715,1.8633230230143
16,11,15631984,16375597,16003790.5,1.73481338235688
16,12,17920293,19717054,18818673.5,1.55389245391208
16,13,20055944,20521527,20288735.5,1.46736597410141
16,14,21155402,22036041,21595721.5,1.39502385271013
16,15,22139118,23108285,22623701.5,1.34115752237233
16,16,Inf,-Inf,NaN,NaN
16,17,26690048,27426153,27058100.5,1.13939856881778
16,18,28006220,28006562,28006391,1.1027018929779
16,19,28714453,30127345,29420899,1.05218644330816
16,20,30622259,30624663,30623461,1.01321648034382
16,21,32060395,32060591,32060493,0.971440917736021
16,22,32858845,33597765,33228305,0.941335222282793
16,23,33941793,34606531,34274162,0.917298645166501
16,24,Inf,-Inf,NaN,NaN
16,25,Inf,-Inf,NaN,NaN
16,26,37199102,37667552,37433327,0.861477062749927
16,27,38549638,38793466,38671552,0.846477526479366
16,28,40001986,40001986,40001986,0.834678828625951
16,29,40967694,40967694,40967694,0.828916262953117
16,30,42834642,42834999,42834820.5,0.824457600464794
16,31,43996915,43996915,43996915,0.826130272728639
16,32,Inf,-Inf,NaN,NaN
16,33,47130482,47852425,47491453.5,0.851720404121135
16,34,48289455,48650800,48470127.5,0.864418385142363
16,35,49972120,50151206,50061663,0.890236386972631
16,36,50517509,50914981,50716245,0.902712707595429
16,37,Inf,-Inf,NaN,NaN
16,38,53109989,53109989,53109989,0.957556879294605
16,39,53703013,54258826,53980919.5,0.981103609655283
16,40,54740879,54740879,54740879,1.00321605807761
16,41,55680035,55680035,55680035,1.032558733588
16,42,57682554,57776445,57729499.5,1.104330382504
16,43,58188547,58188547,58188547,1.12186101498714
16,44,59247771,59247771,59247771,1.16434378126406
16,45,60387271,60718432,60552851.5,1.22058580709695
16,46,62203841,62219535,62211688,1.29828489669242
16,47,Inf,-Inf,NaN,NaN
16,48,64731044,64948839,64839941.5,1.43562726811659
16,49,65635109,65635213,65635161,1.48062206258624
16,50,66729065,66729589,66729327,1.54514371018131
16,51,67333187,68346747,67839967,1.61373073533956
16,52,68557811,69657521,69107666,1.6958262572626
16,53,69905995,69911496,69908745.5,1.749797644581
16,54,71249045,71249045,71249045,1.84372435677588
16,55,72142255,72594880,72368567.5,1.92565864671093
16,56,73719915,73798937,73759426,2.03186268049393
16,57,73898020,73898020,73898020,2.04271334910664
16,58,75416400,75769254,75592827,2.17932749652733
16,59,76641768,76758969,76700368.5,2.27252510780412
16,60,Inf,-Inf,NaN,NaN
16,61,78157760,78569446,78363603,2.41830593395063
16,62,79192604,79819380,79505992,2.52248475373486
16,63,80083462,80375319,80229390.5,2.59015954852043
17,1,562366,991486,776926,1.70672267218901
17,2,1970122,1970122,1970122,1.66563216856607
17,3,Inf,-Inf,NaN,NaN
17,4,3728115,3728115,3728115,1.6076455196233
17,5,4723393,4723822,4723607.5,1.57615896453225
17,6,6087630,6155634,6121632,1.5335878965759
17,7,6528862,7165500,6847181,1.51225275893894
17,8,8243405,8439080,8341242.5,1.46995159278205
17,9,9081760,9745103,9413431.5,1.44094932232526
17,10,9981979,10594378,10288178.5,1.41812614482051
17,11,11745086,11870833,11807959.5,1.38026470931328
17,12,12616412,12819130,12717771,1.35868723728881
17,13,13889636,13889636,13889636,1.33209565187411
17,14,14997063,14997063,14997063,1.30820882831287
17,15,16671727,17507872,17089799.5,1.26636597461949
17,16,17639790,17639790,17639790,1.25608478340781
17,17,19555194,19555647,19555420.5,1.2226002249291
17,18,20484738,20940958,20712848,1.20411970830823
17,19,21523018,22584146,22053582,1.18436114131462
17,20,Inf,-Inf,NaN,NaN
17,21,26065857,27097698,26581777.5,1.13071086922885
17,22,27976495,28372736,28174615.5,1.11663836171545
17,23,29881642,29881642,29881642,1.10432993247035
17,24,30265709,31341775,30803742,1.09887458792949
17,25,32502528,32601443,32551985.5,1.09082970271165
17,26,33139274,33758361,33448817.5,1.0878705043689
17,27,34658575,35300744,34979659.5,1.08464877220004
17,28,36434056,37235668,36834862,1.08383672910632
17,29,38170179,39773797,38971988,1.0871013602397
17,30,41013290,41264764,41139027,1.09500320419698
17,31,42023793,42023793,42023793,1.09955858212525
17,32,Inf,-Inf,NaN,NaN
17,33,44319169,44323650,44321409.5,1.11498768068855
17,34,45406990,45406990,45406990,1.12408560394896
17,35,46067538,46804451,46435994.5,1.13378051306115
17,36,47891155,47891155,47891155,1.14926998576199
17,37,48746795,48934185,48840490,1.1604988769651
17,38,49540142,50549035,50044588.5,1.17601757458405
17,39,52960684,53201965,53081324.5,1.22149528355797
17,40,54307890,54336303,54322096.5,1.24268956504257
17,41,54865050,55417883,55141466.5,1.25751661227469
17,42,55884612,56515296,56199954,1.27764912378217
17,43,56953947,57914353,57434150,1.30251655293128
17,44,58150766,58823971,58487368.5,1.3249234666303
17,45,59449631,59449631,59449631,1.34635003144648
17,46,61272173,61272173,61272173,1.3894307829495
17,47,61990322,62163332,62076827,1.40949161943925
17,48,62454044,63064339,62759191.5,1.42700315293091
17,49,63541690,64419465,63980577.5,1.45949223182129
17,50,64565509,65218329,64891919,1.48469086463469
17,51,65915178,66221285,66068231.5,1.51842483377451
17,52,Inf,-Inf,NaN,NaN
17,53,67481362,67481913,67481637.5,1.56075996204322
17,54,68466084,68721161,68593622.5,1.59544914221096
17,55,69460177,70344657,69902417,1.63783758857094
17,56,70917919,71610940,71264429.5,1.68374033336687
17,57,72171386,72341717,72256551.5,1.71832670744675
17,58,72741339,73747049,73244194,1.75371945099517
18,1,1424290,1840291,1632290.5,1.69711053377455
18,2,2605069,2780249,2692659,1.6648778186147
18,3,3499387,4463083,3981235,1.62770024314589
18,4,5181727,5558032,5369879.5,1.59008236778244
18,5,6609251,6776532,6692891.5,1.55660363522603
18,6,7232363,7630875,7431619,1.53891260248417
18,7,8172565,8591333,8381949,1.51721056928055
18,8,9060531,9867448,9463989.5,1.49394811681609
18,9,9998173,10316510,10157341.5,1.4798521333003
18,10,11050502,11050502,11050502,1.4626266219503
18,11,13109858,13109858,13109858,1.4269116354795
18,12,Inf,-Inf,NaN,NaN
18,13,15785001,15914716,15849858.5,1.38804732447176
18,14,17403555,17419611,17411583,1.37031732849374
18,15,18375336,18375336,18375336,1.36097792057073
18,16,19037363,19037363,19037363,1.35527082201982
18,17,20733232,20736454,20734843,1.34327352286973
18,18,21885198,21885198,21885198,1.33729928940058
18,19,22728849,23426214,23077531.5,1.33294545960199
18,20,23762407,24862274,24312340.5,1.33040907096343
18,21,24897738,25510251,25203994.5,1.32982546363852
18,22,26103126,26852390,26477758,1.33080711183905
18,23,26905218,28678967,27792092.5,1.33405883901811
18,24,29650288,31396856,30523572,1.34809000850313
18,25,32300425,32875169,32587797,1.36520899042447
18,26,33106153,33600464,33353308.5,1.37298321428717
18,27,34112402,34112402,34112402,1.38145395902518
18,28,Inf,-Inf,NaN,NaN
18,29,36939147,36939147,36939147,1.41966895057983
18,30,37503446,38027500,37765473,1.43282685570537
18,31,38815705,39624096,39219900.5,1.4581695013471
18,32,Inf,-Inf,NaN,NaN
18,33,41081838,41592545,41337191.5,1.50003944275676
18,34,42107661,42856741,42482201,1.52514074782377
18,35,43327114,44164159,43745636.5,1.5548409525901
18,36,44354609,44562069,44458339,1.5725217542613
18,37,46552279,46552279,46552279,1.62833641066927
18,38,46770504,46875716,46823110,1.63597701997781
18,39,47833734,48505668,48169701,1.67540014796117
18,40,49690172,50130520,49910346,1.72989650209824
18,41,50663775,51202260,50933017.5,1.76377437796807
18,42,51794574,52156425,51975499.5,1.79972545470408
18,43,Inf,-Inf,NaN,NaN
18,44,54229212,54470798,54350005,1.8869528263176
18,45,Inf,-Inf,NaN,NaN
18,46,56398378,56420153,56409265.5,1.96860886299945
18,47,57151259,57678037,57414648,2.01050326321306
18,48,60439644,60439644,60439644,2.14457938068614
18,49,61171161,62218715,61694938,2.20375375768527
18,50,Inf,-Inf,NaN,NaN
18,51,64408080,64706570,64557325,2.34644359240403
18,52,65672008,65672008,65672008,2.40492821246459
19,1,1022756,1664141,1343448.5,2.72537073163291
19,2,4448052,4621465,4534758.5,2.37041762813578
19,3,5807956,6170449,5989202.5,2.22228914072224
19,4,7551554,7560077,7555815.5,2.0722919980167
19,5,8052163,9043512,8547837.5,1.98243421625341
19,6,9721529,9721924,9721726.5,1.88123605089208
19,7,10611566,11863651,11237608.5,1.75878742100782
19,8,13078147,13078147,13078147,1.62258614719316
19,9,Inf,-Inf,NaN,NaN
19,10,14815755,15015218,14915486.5,1.5002645411188
19,11,16107189,16772242,16439715.5,1.40913298360689
19,12,16961962,16961962,16961962,1.3800663437938
19,13,18016580,18539339,18277959.5,1.31170599821899
19,14,19748028,19748028,19748028,1.24361128099358
19,15,20371601,21686395,21028998,1.19139045757358
19,16,21840791,22963249,22402020,1.14277394354282
19,17,23224032,23224129,23224080.5,1.11730923528149
19,18,24070908,25001505,24536206.5,1.08231757560583
19,19,25228270,25410142,25319206,1.06474863286707
19,20,26456085,26456085,26456085,1.04364599848728
19,21,Inf,-Inf,NaN,NaN
19,22,28422904,28677989,28550446.5,1.01843354618057
19,23,Inf,-Inf,NaN,NaN
19,24,30754127,31057304,30905715.5,1.01123876268461
19,25,32051152,32148966,32100059,1.01614949416846
19,26,33326152,33357668,33341910,1.02736361136526
19,27,34045584,34077194,34061389,1.03670960814095
19,28,35729066,35729066,35729066,1.06641002011774
19,29,36604291,36634123,36619207,1.08685967975622
19,30,37552530,37664213,37608371.5,1.1133373303158
19,31,39264581,39264581,39264581,1.1665157599478
19,32,39491813,40663523,40077668,1.19667628918842
19,33,41488860,41612356,41550608,1.25811140949643
19,34,41834850,42776623,42305736.5,1.29300400538828
19,35,42902904,43998116,43450510,1.35029220681209
19,36,44064505,44064505,44064505,1.38319871205664
19,37,45754264,45754264,45754264,1.4816190811267
19,38,Inf,-Inf,NaN,NaN
19,39,47827832,47827832,47827832,1.61814923401119
19,40,48923294,48988143,48955718.5,1.699702889558
19,41,50462542,50462988,50462765,1.81668942410799
19,42,50647677,51422515,51035096,1.8635201091026
19,43,52648409,52648814,52648611.5,2.00266572954077
19,44,Inf,-Inf,NaN,NaN
19,45,54044562,54560021,54302291.5,2.15618310533587
19,46,Inf,-Inf,NaN,NaN
19,47,56041700,56432851,56237275.5,2.34983445996499
19,48,57040897,57040897,57040897,2.43470339904288
19,49,58290627,58290627,58290627,2.57186585515547
19,50,Inf,-Inf,NaN,NaN
19,51,59937009,60247211,60092110,2.78068269707821
19,52,61192742,61192742,61192742,2.91470998281273
19,53,62177696,62546397,62362046.5,3.06245846471125
20,1,460062,676815,568438.5,1.67116366107844
20,2,1500326,2288961,1894643.5,1.61313421289129
20,3,3425342,3425342,3425342,1.54863097065303
20,4,4395656,4567765,4481710.5,1.50566198984106
20,5,5265605,5265605,5265605,1.47459232151297
20,6,5987334,6233814,6110574,1.44188061887883
20,7,6852086,6852163,6852124.5,1.41383819555363
20,8,8236732,8239528,8238130,1.36309337117743
20,9,8861019,8861019,8861019,1.34099590796339
20,10,9990379,9990379,9990379,1.3020505591649
20,11,11118472,11971749,11545110.5,1.2507973809149
20,12,12181794,12487228,12334511,1.22582093923549
20,13,14049708,14049708,14049708,1.17398288232553
20,14,Inf,-Inf,NaN,NaN
20,15,16780563,16897663,16839113,1.0967879023562
20,16,18108613,18312925,18210769,1.06205721266804
20,17,19369507,19546168,19457837.5,1.03232867443202
20,18,20392319,21160226,20776272.5,1.00281244619425
20,19,21759069,23029920,22394494.5,0.969273293001814
20,20,23094417,24670287,23882352,0.941050591940923
20,21,25535571,26138845,25837208,0.907776998839079
20,22,27100488,28244515,27672501.5,0.880473807578094
20,23,Inf,-Inf,NaN,NaN
20,24,30133838,31153978,30643908,0.844349269156065
20,25,32976205,32976228,32976216.5,0.822992676651777
20,26,33747846,34817221,34282533.5,0.813720020278382
20,27,35103882,36033202,35568542,0.806477567401617
20,28,36586686,37297072,36941879,0.800809497923759
20,29,37412305,37857474,37634889.5,0.798759432617296
20,30,39234339,39509968,39372153.5,0.796008837200606
20,31,40202624,40315267,40258945.5,0.795921266311442
20,32,Inf,-Inf,NaN,NaN
20,33,41739163,42970237,42354700,0.799250591645078
20,34,44916114,44916114,44916114,0.810068378370445
20,35,45106413,45995143,45550778,0.813896369513172
20,36,46149354,47126995,46638174.5,0.821514416778895
20,37,47839034,48772205,48305619.5,0.83579491603219
20,38,49251437,50443672,49847554.5,0.851800177183954
20,39,50820263,51511878,51166070.5,0.867620080912512
20,40,53303717,53449585,53376651,0.89855677081439
20,41,54180787,54180787,54180787,0.911182012391299
20,42,55276362,56376516,55826439,0.939300167912685
20,43,57233578,57508288,57370933,0.968477411434782
20,44,57989284,58187007,58088145.5,0.982944074486472
20,45,58824722,59514189,59169455.5,1.00585506589523
20,46,59995815,61199390,60597602.5,1.03814245363761
20,47,62012025,62114501,62063263,1.07367745050177
20,48,62769529,63350826,63060177.5,1.09923656796537
20,49,63610705,64268796,63939750.5,1.12272102096731
20,50,64609187,64609397,64609292,1.14118445444947
20,51,Inf,-Inf,NaN,NaN
20,52,66489002,66489057,66489029.5,1.19573156331626
20,53,68330981,68532324,68431652.5,1.25630438451111
20,54,68905743,69310364,69108053.5,1.27839742664947
20,55,69999453,69999453,69999453,1.3083035338822
21,1,2333804,2333804,2333804,2.96460928054919
21,2,4145496,4281411,4213453.5,2.72396991262258
21,3,Inf,-Inf,NaN,NaN
21,4,7694470,7694470,7694470,2.31396704266398
21,5,8062148,8309877,8186012.5,2.2598023359356
21,6,9318083,9318083,9318083,2.13856711458451
21,7,10380707,11119642,10750174.5,1.99221737937409
21,8,11616967,12052366,11834666.5,1.88660377519561
21,9,13633071,13633071,13633071,1.72137026089085
21,10,14721715,14833276,14777495.5,1.62265694813832
21,11,15640295,15682156,15661225.5,1.54985415136776
21,12,16612599,17068049,16840324,1.45736514868678
21,13,18191354,18454966,18323160,1.34859160011489
21,14,18892314,19321814,19107064,1.29448286532099
21,15,20260503,20770629,20515566,1.20316077653054
21,16,21234402,21234402,21234402,1.15947549256453
21,17,22065832,22563232,22314532,1.09754568995943
21,18,Inf,-Inf,NaN,NaN
21,19,25141627,25141627,25141627,0.956555229593277
21,20,25556383,26597192,26076787.5,0.91663909275959
21,21,27087767,27328130,27207948.5,0.872822183848103
21,22,27956825,27956825,27956825,0.846503217322237
21,23,29107972,29698062,29403017,0.801741923545401
21,24,30085595,30085595,30085595,0.783391265561885
21,25,31161370,31892406,31526888,0.750491022867894
21,26,32811807,32811807,32811807,0.727852372726721
21,27,33924266,34165847,34045056.5,0.71205688027479
21,28,35186095,35522405,35354250,0.701647558560489
21,29,36554417,36554417,36554417,0.697858561273298
21,30,37684315,38145870,37915092.5,0.700219573528926
21,31,38757269,39176137,38966703,0.706890579480314
21,32,Inf,-Inf,NaN,NaN
21,33,40917559,42413671,41665615,0.743349127535363
21,34,43095049,43095049,43095049,0.773932445379122
21,35,44315781,44315781,44315781,0.806230917576114
21,36,44926481,45310522,45118501.5,0.830572523605976
21,37,47746735,47746735,47746735,0.927497527406721
21,38,Inf,-Inf,NaN,NaN
21,39,49977747,49977747,49977747,1.03048436369413
21,40,50205800,50205999,50205899.5,1.04208808084545
21,41,51858216,52379667,52118941.5,1.14720977242836
21,42,Inf,-Inf,NaN,NaN
21,43,55877453,55977218,55927335.5,1.39810772952223
21,44,57186182,57563775,57374978.5,1.50801479573846
21,45,59001731,59126496,59064113.5,1.64637841548792
21,46,59582151,59582394,59582272.5,1.69100781618212
21,47,61423381,61423440,61423410.5,1.85788471415777
21,48,62069305,62116651,62092978,1.92178446128279
21,49,63525127,63525127,63525127,2.06421093792202
21,50,63880634,63880634,63880634,2.10078003086109
21,51,65478825,66064177,65771501,2.30339795568972
21,52,Inf,-Inf,NaN,NaN
21,53,67901377,67904403,67902890,2.5481671280488
21,54,68356479,69419075,68887777,2.66713512617568
21,55,69532999,69532999,69532999,2.74708310806867
22,1,362319,649386,505852.5,2.69449025521363
22,2,Inf,-Inf,NaN,NaN
22,3,3245142,3245142,3245142,2.45058805350652
22,4,4006911,4735258,4371084.5,2.35589938699911
22,5,5663670,5884962,5774316,2.24242847614764
22,6,6064248,7002706,6533477,2.18313827814172
22,7,7077833,7077833,7077833,2.14153138310173
22,8,8913388,9482434,9197911,1.9867082760293
22,9,9814753,10302906,10058829.5,1.92711874357766
22,10,11035329,11038329,11036829,1.8617244251241
22,11,12362475,12885982,12624228.5,1.76078830796808
22,12,13172658,14057673,13615165.5,1.70104498032929
22,13,15163694,15163694,15163694,1.61271176204894
22,14,Inf,-Inf,NaN,NaN
22,15,16794296,17440447,17117371.5,1.51001441529189
22,16,17984578,17984578,17984578,1.46755598043033
22,17,19704865,20434643,20069754,1.37333577282974
22,18,21326038,21326038,21326038,1.32193607794419
22,19,21641977,22573937,22107957,1.29198195629191
22,20,23303686,24112377,23708031.5,1.2355579297039
22,21,24309701,25321072,24815386.5,1.20034155300458
22,22,27164987,27164987,27164987,1.13600258793042
22,23,28208926,28208926,28208926,1.11194532733176
22,24,28525022,29404510,28964766,1.0962662616367
22,25,30800181,31087338,30943759.5,1.06213310773175
22,26,31479050,32041290,31760170,1.05096939536809
22,27,32717435,33766428,33241931.5,1.03506090723016
22,28,34046326,34981707,34514016.5,1.02588188096479
22,29,35989564,37189081,36589322.5,1.01978776510033
22,30,37447397,38430720,37939058.5,1.02173411210551
22,31,39365858,39491373,39428615.5,1.02928872893296
22,32,40214463,40633503,40423983,1.03749892058346
22,33,41633920,42057997,41845958.5,1.05362225891906
22,34,43127183,43127183,43127183,1.07257722010421
22,35,43854264,44546097,44200180.5,1.09168087258833
22,36,44795825,45673766,45234795.5,1.11288876031178
22,37,45881724,46211674,46046699,1.13144797562212
22,38,47899606,47899606,47899606,1.18011557464013
22,39,48317097,48572971,48445034,1.19611380982312
22,40,49404521,49686962,49545741.5,1.23071555689187
22,41,50652412,51191551,50921981.5,1.27833676232324
22,42,51534493,52504436,52019464.5,1.31978294543597
22,43,52740764,52740764,52740764,1.34869974073412
22,44,54256311,54375048,54315679.5,1.41646094967249
22,45,55373768,55914001,55643884.5,1.47853672759438
22,46,56501549,56711180,56606364.5,1.52633826185169
22,47,57205673,57205673,57205673,1.55729945316287
22,48,58754098,58816379,58785238.5,1.64330198948405
23,1,1271590,2010582,1641086,2.24740117140707
23,2,3167546,3320930,3244238,2.04510597593171
23,3,4580315,5168323,4874319,1.85822245310009
23,4,6616989,6617152,6617070.5,1.67939974695149
23,5,7073340,7810956,7442148,1.60230034430664
23,6,8289239,8583506,8436372.5,1.51585043074582
23,7,9756489,10665897,10211193,1.37906570029946
23,8,11067172,11067172,11067172,1.32113260605333
23,9,11907681,11907681,11907681,1.26933549591702
23,10,13484531,13484531,13484531,1.18576476316515
23,11,14925833,14926099,14925966,1.12489797654484
23,12,16024476,16052514,16038495,1.08806032073277
23,13,16406167,17041060,16723613.5,1.06977040971714
23,14,17735099,18265153,18000126,1.04462938923784
23,15,19163000,19526598,19344799,1.03072508011134
23,16,21174606,21292543,21233574.5,1.03299089098186
23,17,21451603,22402514,21927058.5,1.04021386573354
23,18,Inf,-Inf,NaN,NaN
23,19,24204217,25067680,24635948.5,1.10132176204632
23,20,27305227,27575852,27440539.5,1.21977488248372
23,21,28196921,28873605,28535263,1.28124553865927
23,22,29505464,30447973,29976718.5,1.37523301642873
23,23,31172271,31864904,31518587.5,1.49218441869954
23,24,32740132,32998188,32869160,1.60856770483992
23,25,33305896,33376943,33341419.5,1.6523361645377
23,26,35388404,35970763,35679583.5,1.89248665520557
23,27,36926025,37483307,37204666,2.07015359314669
23,28,38412054,38810995,38611524.5,2.24876899802674
23,29,39912243,40770599,40341421,2.48776333327907
23,30,41633864,41633864,41633864,2.68026206667936
23,31,42286298,42569917,42428107.5,2.80447298919143
23,32,43789029,43792048,43790538.5,3.02802879011529
23,33,44140659,44716269,44428464,3.13725762721659
23,34,45723937,45723946,45723941.5,3.36801484546133
23,35,46611259,46747357,46679308,3.54586424714186
23,36,47252411,47870094,47561252.5,3.71582862990569
23,37,48149648,48539590,48344619,3.87145132979492
23,38,48994701,49666998,49330849.5,4.07360334456458
23,39,Inf,-Inf,NaN,NaN
23,40,Inf,-Inf,NaN,NaN
23,41,51938161,51938161,51938161,4.6414743889113
24,1,541784,644769,593276.5,1.71966426203315
24,2,1768381,2069947,1919164,1.65875457870489
24,3,Inf,-Inf,NaN,NaN
24,4,Inf,-Inf,NaN,NaN
24,5,4699699,4805759,4752729,1.53860973874422
24,6,5696089,6276349,5986219,1.49057642458526
24,7,6481954,7482109,6982031.5,1.45368690497993
24,8,8265175,8786037,8525606,1.39984002914728
24,9,9216482,9772293,9494387.5,1.36811493836102
24,10,10812124,11626773,11219448.5,1.31557662085168
24,11,12527125,13022951,12775038,1.2725408368851
24,12,13837820,15228124,14532972,1.22886209593076
24,13,15447771,16189780,15818775.5,1.2002433244356
24,14,17473817,19071403,18272610,1.15343298496374
24,15,19574532,19574532,19574532,1.1327563833641
24,16,20696175,21416965,21056570,1.11272894776277
24,17,21874113,22192123,22033118,1.10157475342926
24,18,22746182,23305426,23025804,1.09189909246147
24,19,24432820,24432820,24432820,1.08105710373678
24,20,26377377,27059678,26718527.5,1.07062405315503
24,21,27381101,28244323,27812712,1.06877554564272
24,22,28795037,29187859,28991448,1.06906321643788
24,23,Inf,-Inf,NaN,NaN
24,24,30583980,30812998,30698489,1.07367020468945
24,25,31509985,32057788,31783886.5,1.07917770971238
24,26,33000605,33264577,33132591,1.08881384393543
24,27,33730020,34130436,33930228,1.09596904913628
24,28,34783118,34928812,34855965,1.1056304834829
24,29,35982097,35982394,35982245.5,1.11935084622994
24,30,36356909,37230748,36793828.5,1.13057539743885
24,31,37844515,37844515,37844515,1.14677127527926
24,32,38227107,38286525,38256816,1.15363981699058
24,33,39208572,40286590,39747581,1.18088783487346
24,34,40927408,41540027,41233717.5,1.21181456642934
24,35,41977263,42597876,42287569.5,1.23602236674798
24,36,43149962,43500292,43325127,1.26170172822159
24,37,45239241,45896942,45568091.5,1.32347380501779
24,38,46134325,47258089,46696207,1.35777749203106
24,39,47603814,48423629,48013721.5,1.40058131635102
24,40,49218606,49218606,49218606,1.44231125458922
24,41,50409806,50928477,50669141.5,1.4958255523155
24,42,52825393,52825393,52825393,1.58199124723727
24,43,53195202,54476739,53835970.5,1.62509714148575
24,44,Inf,-Inf,NaN,NaN
24,45,56148861,56855901,56502381,1.74717212508472
24,46,58125298,58125324,58125311,1.82739552328795
24,47,58327400,58327400,58327400,1.83769875849849
24,48,60479522,60717688,60598605,1.95827144745391
24,49,61978984,61979023,61979003.5,2.03584121684862
24,50,62581164,62615885,62598524.5,2.07170836512369
25,1,225754,1080810,653282,1.54858822619403
25,2,1303460,1303460,1303460,1.55070008916161
25,3,2189805,2190161,2189983,1.55335150035808
25,4,3606350,3606350,3606350,1.5570413647306
25,5,4788272,4788272,4788272,1.55960620354705
25,6,4899413,5538790,5219101.5,1.56042477523253
25,7,6101513,6629857,6365685,1.56230040220907
25,8,6917139,8126240,7521689.5,1.56374570105864
25,9,8338258,8338258,8338258,1.56449688775835
25,10,10289533,10686286,10487909.5,1.56540665148023
25,11,Inf,-Inf,NaN,NaN
25,12,11770250,12338385,12054317.5,1.56509482910687
25,13,12880060,13785575,13332817.5,1.56423124032595
25,14,14216217,14216217,14216217,1.56331471589251
25,15,Inf,-Inf,NaN,NaN
25,16,16564593,16869554,16717073.5,1.55930279939969
25,17,17482061,19078274,18280167.5,1.55573150947783
25,18,19975551,19975759,19975655,1.55093254793639
25,19,21400210,22020939,21710574.5,1.54502535539612
25,20,22494422,22606267,22550344.5,1.54180397113922
25,21,23645820,23645820,23645820,1.53724667973597
25,22,24793225,25888367,25340796,1.52940337125053
25,23,26257254,26867622,26562438,1.52315369946494
25,24,27946062,27946062,27946062,1.51547172437597
25,25,29033600,29806784,29420192,1.50658180439279
25,26,Inf,-Inf,NaN,NaN
25,27,31160598,31425147,31292872.5,1.49423883467383
25,28,32137475,32496396,32316935.5,1.48699240829612
25,29,33199196,33242844,33221020,1.48030305440556
25,30,Inf,-Inf,NaN,NaN
25,31,Inf,-Inf,NaN,NaN
25,32,35263566,36198849,35731207.5,1.4602948959852
25,33,Inf,-Inf,NaN,NaN
25,34,37958335,38235286,38096810.5,1.43950770061385
25,35,38560656,39565121,39062888.5,1.43047952095551
25,36,40446531,40585789,40516160,1.41630965020156
25,37,41585887,41585924,41585905.5,1.4054273168191
26,1,838111,838111,838111,1.36336175192654
26,2,3006885,3586881,3296883,1.27176827703636
26,3,4304365,5526925,4915645,1.2202351039448
26,4,7088200,7088200,7088200,1.1620141792919
26,5,8221270,8411745,8316507.5,1.13464687194412
26,6,8766541,8769852,8768196.5,1.12559108751085
26,7,10002077,10961470,10481773.5,1.09616507132181
26,8,11135194,12136498,11635846,1.08074348222268
26,9,12580311,13738456,13159383.5,1.06580414013289
26,10,14072277,14155229,14113753,1.0595874475165
26,11,Inf,-Inf,NaN,NaN
26,12,16606180,16954549,16780364.5,1.05504448533729
26,13,18219179,18219179,18219179,1.06044031822659
26,14,18660250,19619765,19140007.5,1.06678008758022
26,15,20203729,20203729,20203729,1.07690801659532
26,16,21795673,22094866,21945269.5,1.09997970740845
26,17,22339074,22339074,22339074,1.10631387775218
26,18,Inf,-Inf,NaN,NaN
26,19,24406277,25032529,24719403,1.15337261079824
26,20,25543631,26340616,25942123.5,1.18339810618422
26,21,26841116,27850644,27345880,1.22276707201464
26,22,28368489,29231851,28800170,1.26907486564682
26,23,29586478,30209142,29897810,1.30774725115404
26,24,30519751,30940158,30729954.5,1.339198917488
26,25,Inf,-Inf,NaN,NaN
26,26,33234819,33234819,33234819,1.44497673490993
26,27,33639835,34305227,33972531,1.47930730475108
26,28,Inf,-Inf,NaN,NaN
26,29,36428533,37095882,36762207.5,1.62220149684475
26,30,37564156,38151002,37857579,1.68396245769526
26,31,38469800,39199435,38834617.5,1.74174125223667
26,32,39672493,39990748,39831620.5,1.80331523020867
26,33,41172176,41184430,41178303,1.89067793267877
26,34,43286081,43286081,43286081,2.03708756045243
26,35,43407418,44141331,43774374.5,2.07268920578442
26,36,44982858,44982858,44982858,2.16352416505855
26,37,45676546,46283709,45980127.5,2.2414055712108
26,38,46930040,46930040,46930040,2.31804581412087
26,39,48465746,48465746,48465746,2.44701959896425
26,40,Inf,-Inf,NaN,NaN
26,41,49762633,49762633,49762633,2.5608166757353
26,42,51355047,51615915,51485481,2.71890157062959
27,1,169363,864922,517142.5,1.37797282030044
27,2,1343197,1343227,1343212,1.37295227247412
27,3,3169479,3909852,3539665.5,1.36042950838944
27,4,4818598,4818598,4818598,1.35369119474498
27,5,7561238,7561238,7561238,1.34061414631749
27,6,9932208,9932208,9932208,1.33081859708815
27,7,10268086,10864279,10566182.5,1.32843652462221
27,8,11630900,12400152,12015526,1.32336670864063
27,9,12583844,13341571,12962707.5,1.32033604758773
27,10,13886781,14085069,13985925,1.31731308942273
27,11,15141168,15597896,15369532,1.31363997693563
27,12,15863008,15863314,15863161,1.31244488257304
27,13,Inf,-Inf,NaN,NaN
27,14,19017466,19067353,19042409.5,1.30620148437177
27,15,Inf,-Inf,NaN,NaN
27,16,21480570,22416293,21948431.5,1.30269614023278
27,17,22502659,22530829,22516744,1.30225643079151
27,18,23928751,24210776,24069763.5,1.30146497538827
27,19,25391542,25391542,25391542,1.30126441306818
27,20,25615010,26139616,25877313,1.3013000138651
27,21,27402645,27402645,27402645,1.30179369019051
27,22,27940956,28450202,28195579,1.30227916824504
27,23,30024822,30670717,30347769.5,1.30438594158548
27,24,31108648,31108648,31108648,1.30540669702693
27,25,Inf,-Inf,NaN,NaN
27,26,32561973,33045277,32803625,1.30819880011022
27,27,33872319,34742617,34307468,1.31127491935707
27,28,35900786,35900786,35900786,1.31514839444282
27,29,36881022,37004165,36942593.5,1.31802287104044
27,30,37513923,38259648,37886785.5,1.32086145574199
27,31,38699346,39589863,39144604.5,1.32498772434343
27,32,40913200,40916874,40915037,1.33146305506798
27,33,Inf,-Inf,NaN,NaN
27,34,42243433,42713530,42478481.5,1.33783021938551
27,35,43729987,44008957,43869472,1.34400666845104
27,36,44538432,45062348,44800390,1.34840933477924
28,1,1148363,1148363,1148363,1.30179124127119
28,2,Inf,-Inf,NaN,NaN
28,3,3592677,3938623,3765650,1.23793261847607
28,4,5236364,5301677,5269020.5,1.20710944372759
28,5,5912551,5913054,5912802.5,1.19521712523043
28,6,7341520,7557315,7449417.5,1.16999969610644
28,7,8203801,8731818,8467809.5,1.15574702154383
28,8,9367295,10227920,9797607.5,1.14008856275267
28,9,10324674,11960495,11142584.5,1.12765280781755
28,10,12268860,12603424,12436142,1.11891955518748
28,11,Inf,-Inf,NaN,NaN
28,12,15682455,15919536,15800995.5,1.11102282037117
28,13,16097772,16727989,16412880.5,1.11188751646421
28,14,18194435,18317412,18255923.5,1.11876998454009
28,15,19236396,19731619,19484007.5,1.12692205394853
28,16,20453054,21763507,21108280.5,1.14208453746668
28,17,Inf,-Inf,NaN,NaN
28,18,23530483,23530483,23530483,1.17396282466673
28,19,25420981,25421150,25421065.5,1.20655381151964
28,20,26738215,26738215,26738215,1.23325440507075
28,21,27327490,27554375,27440932.5,1.24884157680499
28,22,28134625,29118218,28626421.5,1.27725368411309
28,23,29456893,29456893,29456893,1.29874018880089
28,24,31680416,32158186,31919301,1.37011571180948
28,25,33183648,33183648,33183648,1.41121925915232
28,26,34373181,35174350,34773765.5,1.4672050599619
28,27,35331782,36361908,35846845,1.50768874366369
28,28,36594520,37770465,37182492.5,1.5611200999561
28,29,38503969,38961888,38732928.5,1.62737467984757
28,30,40012784,40856155,40434469.5,1.70531819971471
28,31,41144027,41471492,41307759.5,1.74744754532053
28,32,41903877,42288982,42096429.5,1.78673394373811
28,33,43200961,43667326,43434143.5,1.85605959694385
28,34,Inf,-Inf,NaN,NaN
28,35,45144246,45279845,45212045.5,1.95343489733711
29,1,630087,1177121,903604,1.13042098955492
29,2,1989582,2688187,2338884.5,1.11971197009604
29,3,3550851,4065379,3808115,1.11020635661758
29,4,5224367,5224367,5224367,1.10243849252825
29,5,Inf,-Inf,NaN,NaN
29,6,7105846,7106252,7106049,1.09423619829575
29,7,8295671,9311713,8803692,1.08891037651858
29,8,9595081,9595450,9595265.5,1.08709967725545
29,9,10987028,11686385,11336706.5,1.08462195549262
29,10,12172738,12857835,12515286.5,1.08411985351334
29,11,13344395,14574743,13959569,1.08479767868085
29,12,14750053,16291872,15520962.5,1.08713248071548
29,13,16487387,16564960,16526173.5,1.089516305483
29,14,18083010,18083010,18083010,1.09456986883347
29,15,20115988,20115988,20115988,1.10366025587571
29,16,21325896,21329340,21327618,1.11041998969445
29,17,22708749,22708786,22708767.5,1.11934789365704
29,18,23952060,24460683,24206371.5,1.13050025269501
29,19,25197238,25197238,25197238,1.13872074284915
29,20,26009040,26009040,26009040,1.14595521548587
29,21,28147351,28559588,28353469.5,1.16937379603765
29,22,29052926,29365027,29208976.5,1.17885397742063
29,23,Inf,-Inf,NaN,NaN
29,24,30796534,30796606,30796570,1.1977706873137
29,25,Inf,-Inf,NaN,NaN
29,26,33353664,33992669,33673166.5,1.23642992810602
29,27,34456706,34839659,34648182.5,1.25081532790305
29,28,36274932,36274932,36274932,1.27626118994055
29,29,36642045,37472200,37057122.5,1.28913953882092
29,30,37721984,37910912,37816448,1.3020409932109
29,31,40430062,40939545,40684803.5,1.35432830431201
29,32,41699233,41701451,41700342,1.37418698150972
29,33,42586126,43304256,42945191,1.39949031668733
29,34,43607802,43607802,43607802,1.41339027795059
29,35,44291810,44552022,44421916,1.43087879238035
29,36,45482143,45558127,45520135,1.455187261534
29,37,46157079,46716999,46437039,1.47611314479024
29,38,47876852,47876852,47876852,1.51013134031484
29,39,Inf,-Inf,NaN,NaN
29,40,Inf,-Inf,NaN,NaN
29,41,49867074,50325501,50096287.5,1.56534187203297
