0.05	0.911944803041121
0.06	0.73668573316781
0.07	0.629454846660503
0.08	0.564508907051772
0.09	0.490128146744049
0.10	0.428690899538647
0.11	0.389567187901277
0.12	0.364685716533665
0.13	0.342375549205101
0.14	0.301417851121103
0.15	0.295509829248712
0.16	0.278497655017261
0.17	0.249862222733752
0.18	0.237894564912597
0.19	0.22961522706674
0.20	0.210894007585076
0.21	0.209628707840518
0.22	0.185451167307668
0.23	0.186314495590687
0.24	0.1748789488701
0.25	0.16263994568595
0.26	0.166251566946617
0.27	0.148223908654569
0.28	0.164218203366777
0.29	0.149759664315663
0.30	0.133075127326728
0.31	0.137008872338128
0.32	0.132860442353151
0.33	0.125999887247411
0.34	0.111413813612618
0.35	0.11735754156058
0.36	0.107372056971029
0.37	0.105142197410022
0.38	0.100093066126907
0.39	0.0961330508089459
0.40	0.0933517726587913
0.41	0.0928825681132755
0.42	0.0894261043106104
0.43	0.0869613932724198
0.44	0.0827287982949098
0.45	0.0838621588570373
0.46	0.0870423424118157
0.47	0.0738351459843266
0.48	0.071396405694203
0.49	0.0758755208597768
0.50	0.0729858433763695
0.51	0.0690586679200699
0.52	0.0607667115177915
0.53	0.0656918636357142
0.54	0.0651883226828059
0.55	0.0633841075839616
0.56	0.0582201997858835
0.57	0.0620742578652199
0.58	0.0548768325814449
0.59	0.0552756537250478
0.60	0.0570151791203335
0.61	0.0525171193521641
0.62	0.0540628872012421
0.63	0.048928271042326
0.64	0.053532361717492
0.65	0.0484993601919154
0.66	0.0489678368132852
0.67	0.048399963316399
0.68	0.0462915980660251
0.69	0.0448295964634973
0.70	0.0449986193317897
0.71	0.0460031661100774
0.72	0.0450804249847911
0.73	0.0453082717231564
0.74	0.043391860858836
0.75	0.0426113674072188
0.76	0.0412526761888072
0.77	0.0396761394876196
0.78	0.0380104967284289
0.79	0.0396095082848813
0.80	0.038506649636409
0.81	0.0381693513821255
0.82	0.0387750736990845
0.83	0.035704757896773
0.84	0.0372882796971037
0.85	0.0369882926611768
0.86	0.0365154357628507
0.87	0.0344832467317943
0.88	0.0349326370685153
0.89	0.035441801484874
0.90	0.0339189055694593
0.91	0.0336595978340476
0.92	0.0328833588541314
0.93	0.0337492856382487
0.94	0.0321505450165167
0.95	0.0316526454766767
