0.05	1.15062027387812
0.06	1.00900402790408
0.07	0.924083214704431
0.08	0.807604188266454
0.09	0.736610444833957
0.10	0.713206895018943
0.11	0.6602212622645
0.12	0.630604351039268
0.13	0.607698799416562
0.14	0.569002594990145
0.15	0.548807509573628
0.16	0.55841867230723
0.17	0.510947103868453
0.18	0.501287227019443
0.19	0.469156512757075
0.20	0.460969191341267
0.21	0.445833827162621
0.22	0.423101200568899
0.23	0.447023851191381
0.24	0.421288151084103
0.25	0.408802349960076
0.26	0.393228460402893
0.27	0.378296945542977
0.28	0.370594961774855
0.29	0.35726250437857
0.30	0.351370215734492
0.31	0.349401085489787
0.32	0.347251631976847
0.33	0.331153814599589
0.34	0.327878412607279
0.35	0.333116953157992
0.36	0.306053614880199
0.37	0.307806597371022
0.38	0.300858000678869
0.39	0.284369827815523
0.40	0.29700497317871
0.41	0.269641151736691
0.42	0.275267034164679
0.43	0.256090707494681
0.44	0.258502817114937
0.45	0.262228479229674
0.46	0.254991244206527
0.47	0.248932395439944
0.48	0.23894410623394
0.49	0.236350123919611
0.50	0.228378566406947
0.51	0.223692275621789
0.52	0.222413180272544
0.53	0.215796925487639
0.54	0.213720715537603
0.55	0.204607342216001
0.56	0.204662601420115
0.57	0.182930213197118
0.58	0.203005668936171
0.59	0.193180476827589
0.60	0.197604576220403
0.61	0.162931320190725
0.62	0.183483666658515
0.63	0.181390253454215
0.64	0.184456039708817
0.65	0.166355574342427
0.66	0.152119422875776
0.67	0.16326167802769
0.68	0.17329582747751
0.69	0.168467480388153
0.70	0.145357741211897
0.71	0.150591819243216
0.72	0.148533450468531
0.73	0.135483657053509
0.74	0.143276419322326
0.75	0.149368938468746
0.76	0.135442103828288
0.77	0.120231010971807
0.78	0.125225771418066
0.79	0.132143846206162
0.80	0.129259810122361
0.81	0.126790332255459
0.82	0.121440849871435
0.83	0.115395150137357
0.84	0.130635989889431
0.85	0.117206599694264
0.86	0.116616289168328
0.87	0.116495856705974
0.88	0.119340914978572
0.89	0.115352677769436
0.90	0.111773053295965
0.91	0.113368475690568
0.92	0.0967086877226499
0.93	0.105755418161705
0.94	0.0871456770707651
0.95	0.103294635266112
